The Collection Interval for this data is: 15 minutes
 24.332 
 24.978 
 64.118 
 99.615 
 130.794 
 163.114 
 191.429 
 214.065 
 230.922 
 244.676 
 255.469 
 264.338 
 271.684 
 277.286 
 282.461 
 285.273 
 288.106 
 290.256 
 292.16 
 295.126 
 298.334 
 301.966 
 303.404 
 305.551 
 306.561 
 307.055 
 306.808 
 307.125 
 307.157 
 307.564 
 308.418 
 308.547 
 308.591 
 308.297 
 308.328 
 308.293 
 308.739 
 308.876 
 309.253 
 308.567 
 308.532 
 308.32 
 308.551 
 308.493 
 308.606 
 308.273 
 308.512 
 308.399 
 308.504 
 308.254 
 308.626 
 308.442 
 308.551 
 308.359 
 308.536 
 308.924 
 309.268 
 308.869 
 309.26 
 308.602 
 308.265 
 308.485 
 308.328 
 308.567 
 308.622 
 308.281 
 308.336 
 308.316 
 308.242 
 308.544 
 308.555 
 308.363 
 308.54 
 308.414 
 308.285 
 308.261 
 308.238 
 308.254 
 308.222 
 307.599 
 307.76 
 307.313 
 307.96 
 307.031 
 307.192 
 307.204 
 307.121 
 306.804 
 306.346 
 306.095 
 305.692 
 306.843 
 305.911 
 306.832 
 307.643 
 307.897 
 307.928 
 307.901 
 306.792 
 304.313 
 305.284 
 305.727 
 305.774 
 305.821 
 304.986 
 305.276 
 304.477 
 304.924 
 305.347 
 305.543 
 305.543 
 304.505 
 304.187 
 304.446 
 304.591 
 304.982 
 305.073 
 304.943 
 305.417 
 305.876 
 305.758 
 305.523 
 306.201 
 305.758 
 305.57 
 306.718 
 306.89 
 306.005 
 307.364 
 307.153 
 306.98 
 307.388 
 308.422 
 308.046 
 307.102 
 307.067 
 307.317 
 307.987 
 308.367 
 307.141 
 307.321 
 307.592 
 308.14 
 307.921 
 307.098 
 307.568 
 307.294 
 307.016 
 307.153 
 306.122 
 307.129 
 307.031 
 307.157 
 306.757 
 307.137 
 307.321 
 307.172 
 307.168 
 307.266 
 307.878 
 307.862 
 307.247 
 307.153 
 307.27 
 307.114 
 308.367 
 307.168 
 307.239 
 307.831 
 308.05 
 307.259 
 307.313 
 307.047 
 307.016 
 307.067 
 306.589 
 306.146 
 306.361 
 305.848 
 305.903 
 305.633 
 305.742 
 305.594 
 305.739 
 304.865 
 305.312 
 304.544 
 305.746 
 304.708 
 305.167 
 305.562 
 305.852 
 306.028 
 306.04 
 306.072 
 305.68 
 305.539 
 305.75 
 305.476 
 305.805 
 305.758 
 305.809 
 305.562 
 305.641 
 305.664 
 305.821 
 305.527 
 305.676 
 305.891 
 305.66 
 305.633 
 305.731 
 305.833 
 305.852 
 306.949 
 305.821 
 305.731 
 306.875 
 306.475 
 305.899 
 305.672 
 306.33 
 307.302 
 307.235 
 307.294 
 307.059 
 307.051 
 307.721 
 308.187 
 307.987 
 307.125 
 307.223 
 307.795 
 307.055 
 307.266 
 307.921 
 308.152 
 307.725 
 307.631 
 307.278 
 308.355 
 307.572 
 307.889 
 307.462 
 307.02 
 307 
 307.337 
 307.067 
 307.027 
 307.317 
 307.129 
 306.945 
 307.027 
 306.98 
 307.004 
 307.329 
 307.529 
 306.996 
 307.051 
 306.965 
 308.218 
 307.141 
 307.266 
 307.02 
 307.196 
 308.077 
 307.262 
 307.004 
 306.491 
 306.459 
 305.915 
 305.668 
 305.739 
 305.958 
 305.79 
 305.641 
 304.771 
 304.72 
 305.931 
 304.614 
 304.826 
 304.783 
 305.507 
 304.693 
 305.233 
 304.81 
 304.352 
 304.783 
 305.566 
 304.885 
 305.124 
 305.782 
 304.912 
 304.943 
 305.006 
 304.908 
 304.473 
 304.485 
 305.746 
 305.594 
 304.579 
 305.899 
 305.778 
 305.891 
 306.299 
 305.801 
 306.009 
 306.416 
 306.463 
 306.408 
 307.29 
 306.745 
 306.679 
 306.064 
 306.44 
 306.318 
 306.839 
 307.216 
 307.094 
 307.533 
 308.512 
 308.591 
 308.277 
 309.296 
 308.622 
 308.657 
 309.625 
 309.398 
 309.664 
 309.586 
 308.485 
 308.383 
 308.598 
 309.601 
 309.695 
 308.363 
 308.861 
 308.896 
 309.593 
 309.597 
 309.825 
 309.065 
 309.778 
 309.93 
 308.457 
 309.554 
 308.849 
 309.554 
 309.703 
 308.79 
 309.613 
 309.527 
 309.828 
 309.734 
 309.448 
 309.409 
 309.868 
 309.942 
 309.832 
 308.747 
 309.848 
 309.523 
 309.695 
 309.793 
 309.574 
 308.888 
 309.194 
 309.401 
 309.562 
 309.112 
 308.324 
 309.327 
 308.207 
 308.258 
 308.438 
 308.395 
 308.222 
 307.427 
 308.289 
 307.227 
 308.25 
 307.27 
 308.246 
 307.979 
 307.192 
 307.972 
 307.909 
 307.917 
 306.867 
 307.192 
 307.074 
 306.882 
 307.208 
 306.945 
 307.145 
 307.36 
 307.889 
 306.773 
 306.969 
 307.513 
 308.269 
 306.859 
 306.855 
 306.886 
 307.153 
 307.227 
 307.936 
 307.345 
 306.914 
 308.007 
 307.662 
 307.137 
 307.674 
 308.477 
 308.485 
 308.328 
 309.405 
 309.699 
 309.194 
 309.515 
 309.656 
 308.81 
 309.625 
 309.95 
 308.708 
 309.875 
 309.966 
 308.771 
 308.544 
 308.88 
 309.609 
 308.782 
 308.88 
 308.99 
 308.931 
 309.613 
 309.276 
 309.597 
 309.409 
 308.79 
 308.99 
 308.826 
 308.786 
 308.504 
 309.28 
 309.425 
 309.202 
 308.579 
 309.621 
 308.935 
 308.935 
 308.614 
 309.413 
 308.994 
 309.382 
 309.21 
 308.391 
 309.578 
 309.687 
 308.837 
 308.504 
 308.34 
 308.489 
 307.838 
 308.52 
 308.406 
 308.34 
 308.179 
 308.43 
 307.384 
 308.195 
 307.27 
 308.101 
 307.094 
 307.141 
 307.043 
 307.247 
 308.003 
 307.968 
 307.074 
 307.592 
 307.466 
 307.141 
 307.772 
 307.4 
 307.925 
 307.157 
 307.345 
 306.816 
 306.91 
 307.016 
 307.035 
 307.223 
 307.47 
 307.964 
 307.055 
 306.902 
 306.933 
 307.196 
 307.118 
 307.016 
 306.832 
 306.91 
 307.055 
 306.855 
 306.945 
 307.094 
 306.973 
 307.024 
 307.498 
 307.932 
 308.579 
 308.583 
 309.456 
 309.519 
 308.442 
 309.264 
 308.888 
 309.719 
 309.985 
 309.531 
 309.39 
 309.915 
 309.946 
 309.315 
 309.174 
 308.594 
 309.868 
 309.942 
 308.833 
 309.578 
 308.732 
 309.64 
 309.566 
 309.394 
 309.605 
 309.033 
 309.166 
 309.57 
 308.959 
 308.873 
 309.566 
 308.7 
 309.546 
 309.339 
 308.5 
 308.771 
 309.66 
 308.332 
 308.414 
 308.583 
 309.092 
 308.634 
 308.43 
 308.453 
 308.426 
 308.622 
 308.567 
 308.493 
 307.165 
 308.12 
 307.478 
 307.337 
 307.306 
 308.073 
 307.235 
 307.172 
 306.655 
 307.192 
 306.518 
 306.647 
 306.103 
 306.15 
 306.24 
 306.373 
 306.71 
 306.119 
 305.813 
 305.692 
 305.699 
 305.684 
 305.813 
 304.853 
 305.378 
 304.563 
 304.602 
 304.501 
 304.438 
 304.524 
 304.313 
 304.579 
 305.551 
 304.328 
 304.646 
 304.7 
 305.574 
 305.601 
 305.746 
 305.915 
 305.617 
 306.644 
 305.746 
 305.692 
 306.941 
 307.192 
 306.926 
 308.011 
 308.54 
 308.399 
 308.277 
 308.289 
 308.261 
 308.645 
 308.618 
 308.626 
 308.308 
 308.583 
 308.622 
 308.273 
 308.594 
 308.25 
 308.614 
 308.305 
 308.316 
 309.593 
 308.583 
 308.594 
 308.426 
 309.17 
 309.304 
 308.461 
 308.806 
 309.405 
 308.692 
 309.55 
 308.743 
 308.974 
 308.516 
 309.221 
 309.053 
 309.213 
 309.186 
 308.414 
 308.83 
 308.857 
 308.289 
 309.55 
 308.34 
 308.453 
 308.434 
 308.336 
 308.571 
 308.242 
 308.32 
 307.795 
 307.36 
 306.949 
 306.914 
 308.003 
 308.07 
 307.251 
 307 
 307.153 
 307.529 
 307.94 
 307.212 
 307.313 
 306.93 
 306.98 
 306.608 
 306.51 
 305.703 
 306.796 
 306.24 
 306.882 
 307.043 
 306.863 
 306.432 
 306.902 
 306.89 
 306.941 
 307.016 
 307.196 
 306.961 
 307.239 
 307.012 
 307.121 
 307.118 
 307.176 
 306.926 
 307.482 
 306.91 
 307.4 
 308.222 
 307.889 
 308.195 
 307.975 
 307.474 
 307.505 
 307.443 
 308.246 
 308.183 
 309.656 
 308.935 
 308.634 
 308.312 
 309.327 
 308.743 
 308.25 
 308.328 
 308.567 
 308.242 
 307.643 
 308.273 
 308.246 
 308.606 
 308.602 
 308.61 
 308.242 
 308.493 
 308.63 
 308.516 
 309.648 
 308.422 
 309.405 
 308.716 
 308.269 
 309.758 
 308.978 
 309.104 
 308.735 
 309.488 
 308.254 
 308.426 
 308.822 
 308.786 
 308.767 
 308.869 
 309.217 
 308.371 
 308.457 
 309.002 
 309.66 
 308.661 
 308.438 
 309.127 
 309.445 
 308.544 
 308.54 
 308.504 
 307.568 
 308.054 
 308.575 
 308.477 
 308.575 
 308.547 
 308.214 
 307.85 
 308.281 
 308.528 
 308.16 
 307.458 
 307.196 
 306.926 
 305.778 
 306.644 
 306.694 
 306.35 
 307.047 
 307.168 
 306.252 
 306.871 
 306.193 
 306.001 
 305.645 
 305.782 
 307.29 
 308.136 
 308.011 
 308.258 
 309.578 
 309.409 
 309.272 
 308.218 
 308.273 
 308.379 
 308.265 
 308.575 
 308.724 
 307.231 
 307.121 
 307.541 
 308.093 
 307.999 
 307.262 
 307.121 
 308.265 
 309.68 
 308.845 
 309.586 
 309.174 
 309.539 
 309.531 
 309.762 
 309.758 
 309.848 
 309.785 
 309.836 
 311.004 
 310.953 
 309.723 
 309.597 
 310.283 
 310.064 
 310.024 
 310.279 
 310.389 
 309.946 
 310.988 
 310.968 
 310.867 
 310.095 
 310.867 
 312.316 
 311.106 
 311.693 
 312.218 
 311.407 
 311.078 
 311.008 
 311.999 
 311.184 
 311.329 
 311.603 
 310.882 
 311.501 
 311.913 
 311.121 
 310.871 
 311.164 
 310.389 
 309.938 
 309.985 
 308.798 
 308.681 
 308.54 
 308.54 
 308.551 
 308.406 
 308.218 
 308.446 
 308.344 
 308.207 
 308.485 
 308.23 
 307.729 
 307.733 
 308.254 
 307.94 
 307.972 
 307.607 
 308.171 
 288.709 
 269.599 
 251.43 
 233.48 
 221.175 
 211.087 
 203.546 
 198.097 
 192.855 
 161.868 
 137.732 
 118.944 
 103.567 
 91.713 
 82.103 
 73.602 
 66.978 
 61.289 
 56.522 
 52.749 
 49.408 
 46.356 
 43.853 
 42.45 
 39.951 
 38.732 
 38.384 
 37.244 
 36.95 
 35.837 
 34.96 
 35.528 
 34.603 
 34.576 
 34.725 
 34.603 
 34.004 
 34.427 
 33.51 
 34.509 
 33.824 
 33.992 
 33.777 
 33.467 
 33.718 
 33.616 
 33.937 
 34.004 
 34.129 
 33.816 
 33.593 
 33.91 
 33.503 
 34.114 
 34.247 
 33.698 
 34.314 
 33.557 
 34.172 
 33.483 
 34.423 
 33.628 
 34.298 
 34.137 
 34.517 
 34.443 
 34.161 
 33.279 
 33.538 
 33.381 
 33.416 
 33.397 
 33.232 
 33.346 
 33.405 
 33.303 
 33.228 
 33.424 
 33.479 
 33.424 
 32.128 
 32.276 
 32.292 
 32.308 
 32.304 
 32.605 
 32.899 
 32.363 
 32.821 
 32.276 
 32.288 
 32.551 
 29.718 
 28.445 
 28.03 
 28.183 
 15.079 
 16.407 
 16.019 
 15.525 
 15.748 
 16.117 
 14.996 
 15.208 
 15.247 
 15.2 
 14.362 
 14.765 
 14.005 
 15.012 
 15.129 
 15.071 
 15.067 
 15.204 
 15.079 
 15.079 
 15.22 
 14.789 
 14.326 
 14.283 
 14.048 
 14.166 
 14.428 
 14.166 
 14.93 
 14.769 
 14.53 
 14.001 
 14.287 
 14.436 
 14.742 
 14.154 
 14.554 
 14.26 
 14.158 
 14.381 
 14.048 
 14.644 
 14.107 
 14.35 
 14.213 
 14.742 
 14.616 
 14.244 
 13.911 
 13.86 
 14.119 
 13.743 
 13.719 
 13.688 
 13.868 
 13.821 
 13.754 
 13.758 
 13.817 
 13.919 
 13.794 
 13.986 
 13.927 
 13.731 
 13.868 
 13.711 
 13.942 
 13.817 
 13.703 
 13.77 
 13.735 
 13.782 
 13.833 
 13.892 
 13.903 
 13.829 
 13.927 
 13.758 
 13.809 
 13.786 
 13.801 
 13.954 
 13.79 
 13.727 
 13.88 
 13.676 
 13.782 
 13.864 
 13.848 
 13.813 
 13.747 
 13.939 
 13.931 
 13.809 
 13.723 
 13.715 
 13.825 
 13.778 
 13.813 
 13.692 
 13.946 
 13.817 
 13.958 
 13.766 
 13.884 
 13.829 
 13.899 
 13.641 
 13.79 
 13.75 
 13.731 
 13.766 
 13.727 
 13.809 
 13.711 
 13.688 
 13.888 
 13.864 
 13.833 
 13.915 
 13.645 
 13.923 
 13.778 
 13.829 
 13.794 
 13.805 
 13.723 
 13.895 
 13.845 
 13.939 
 13.731 
 13.942 
 13.758 
 13.692 
 13.899 
 13.794 
 13.899 
 13.966 
 13.774 
 13.989 
 13.653 
 13.707 
 13.801 
 13.852 
 13.762 
 13.813 
 13.95 
 13.801 
 13.888 
 13.809 
 13.954 
 13.77 
 13.758 
 13.841 
 13.837 
 13.848 
 13.935 
 13.942 
 13.966 
 13.837 
 13.895 
 14.005 
 13.723 
 13.986 
 13.715 
 13.809 
 13.762 
 13.895 
 13.762 
 13.868 
 13.907 
 13.931 
 13.919 
 13.954 
 13.703 
 13.778 
 13.77 
 13.907 
 13.797 
 13.864 
 13.731 
 13.813 
 13.747 
 13.899 
 13.715 
 13.872 
 13.88 
 13.794 
 13.754 
 13.848 
 13.837 
 13.852 
 13.692 
 13.876 
 13.735 
 13.77 
 13.637 
 13.711 
 13.884 
 13.923 
 13.715 
 13.915 
 13.794 
 13.77 
 13.884 
 13.899 
 13.919 
 13.805 
 13.935 
 13.833 
 14.029 
 13.739 
 13.966 
 13.946 
 13.97 
 13.895 
 13.794 
 13.837 
 14.816 
 14.93 
 13.801 
 13.837 
 13.739 
 14.816 
 13.817 
 13.895 
 13.778 
 13.903 
 13.837 
 13.888 
 13.845 
 13.974 
 13.731 
 13.711 
 13.727 
 13.77 
 13.774 
 13.939 
 13.95 
 13.829 
 13.939 
 13.778 
 13.758 
 13.727 
 13.778 
 13.821 
 13.958 
 13.786 
 13.688 
 13.805 
 13.872 
 13.7 
 13.774 
 13.829 
 13.747 
 13.774 
 13.813 
 13.774 
 13.692 
 13.801 
 13.758 
 13.966 
 13.845 
 13.692 
 13.653 
 13.899 
 13.664 
 13.762 
 13.743 
 13.923 
 13.754 
 13.97 
 13.711 
 13.786 
 13.997 
 13.809 
 13.841 
 13.829 
 13.946 
 13.703 
 13.813 
 13.864 
 13.79 
 13.719 
 13.848 
 13.86 
 13.782 
 13.86 
 14.021 
 14.714 
 14.483 
 14.448 
 14.714 
 14.636 
 14.765 
 14.033 
 14.702 
 14.894 
 14.746 
 13.946 
 13.997 
 16.606 
 19.885 
 19.306 
 19.928 
 20.226 
 20.367 
 20.402 
 20.379 
 20.398 
 20.344 
 20.301 
 20.41 
 20.23 
 20.391 
 20.336 
 20.312 
 20.41 
 20.257 
 20.41 
 20.422 
 20.344 
 20.257 
 20.371 
 20.316 
 20.25 
 20.395 
 20.418 
 20.257 
 20.23 
 20.383 
 20.379 
 20.109 
 19.447 
 19.717 
 19.325 
 19.827 
 20.066 
 19.615 
 19.74 
 19.94 
 20.12 
 19.991 
 19.149 
 19.211 
 19.666 
 19.964 
 19.983 
 19.595 
 19.756 
 19.917 
 20.011 
 19.65 
 20.018 
 19.513 
 19.286 
 19.313 
 19.419 
 20.113 
 19.211 
 19.58 
 19.329 
 19.353 
 19.231 
 19.529 
 19.219 
 19.877 
 19.153 
 20.097 
 19.748 
 19.838 
 19.999 
 19.568 
 19.713 
 20.387 
 20.355 
 20.285 
 20.41 
 20.226 
 20.308 
 20.312 
 20.332 
 20.312 
 20.379 
 20.449 
 20.25 
 20.355 
 20.418 
 19.627 
 20.265 
 20.449 
 20.606 
 21.19 
 20.708 
 21.053 
 20.551 
 20.661 
 20.833 
 20.982 
 21.182 
 21.19 
 20.731 
 21.296 
 20.888 
 21.319 
 20.402 
 21.139 
 20.826 
 21.178 
 21.476 
 20.594 
 21.155 
 20.759 
 21.323 
 20.755 
 21.472 
 20.528 
 21.468 
 21.017 
 21.182 
 21.288 
 20.493 
 21.441 
 20.771 
 21.307 
 20.563 
 20.489 
 20.908 
 21.143 
 21.335 
 21.394 
 21.108 
 20.912 
 21.237 
 21.268 
 20.637 
 21.484 
 21.362 
 20.904 
 20.841 
 20.974 
 21.715 
 21.401 
 20.446 
 20.767 
 20.669 
 21.613 
 21.382 
 21.288 
 21.754 
 20.935 
 21.605 
 21.582 
 21.715 
 21.558 
 21.644 
 21.296 
 21.68 
 21.472 
 21.715 
 21.707 
 21.55 
 21.452 
 21.472 
 21.683 
 21.727 
 21.55 
 21.699 
 21.668 
 21.55 
 21.633 
 21.668 
 21.746 
 21.636 
 21.578 
 21.644 
 21.695 
 21.687 
 21.676 
 35.254 
 32.625 
 42.458 
 65.767 
 81.23 
 80.262 
 65.646 
 55.562 
 48.42 
 43.598 
 39.724 
 37.361 
 34.353 
 33.416 
 31.489 
 30.678 
 29.53 
 28.441 
 28.151 
 27.454 
 26.827 
 26.51 
 25.644 
 25.683 
 24.778 
 24.187 
 24.32 
 23.705 
 23.724 
 23.862 
 22.874 
 23.039 
 22.142 
 21.903 
 22.632 
 22.671 
 21.597 
 21.766 
 21.589 
 21.703 
 21.762 
 21.253 
 20.684 
 20.606 
 21.335 
 21.535 
 21.429 
 20.912 
 21.441 
 20.297 
 20.469 
 20.332 
 20.34 
 20.277 
 20.281 
 20.25 
 20.438 
 20.281 
 20.199 
 20.426 
 20.23 
 20.281 
 20.336 
 20.246 
 20.316 
 20.367 
 20.426 
 20.246 
 20.34 
 20.312 
 20.41 
 20.395 
 20.387 
 19.482 
 19.858 
 19.631 
 20.148 
 20.05 
 19.474 
 19.619 
 19.588 
 20.105 
 19.995 
 20.171 
 19.466 
 20.026 
 19.525 
 19.27 
 19.964 
 19.78 
 19.639 
 20.136 
 19.313 
 19.18 
 19.262 
 19.486 
 19.509 
 19.58 
 19.172 
 19.251 
 19.368 
 19.631 
 19.431 
 19.36 
 19.482 
 19.627 
 19.588 
 20.085 
 20.195 
 19.211 
 19.975 
 20.105 
 20.093 
 20.203 
 19.979 
 19.505 
 19.584 
 19.447 
 19.772 
 19.419 
 19.525 
 19.932 
 19.49 
 19.325 
 19.928 
 19.447 
 19.686 
 19.474 
 19.317 
 19.584 
 20.077 
 19.889 
 20.042 
 20.105 
 19.67 
 19.925 
 20.25 
 19.944 
 19.932 
 19.415 
 19.4 
 20.195 
 19.521 
 19.944 
 19.415 
 20.069 
 20.073 
 19.733 
 20.046 
 19.517 
 19.733 
 19.278 
 19.396 
 19.403 
 20.034 
 19.697 
 19.776 
 20.124 
 19.834 
 19.85 
 20.105 
 19.807 
 19.979 
 19.294 
 19.838 
 19.568 
 19.964 
 20.124 
 19.407 
 19.309 
 20.026 
 20.12 
 19.121 
 19.795 
 19.744 
 19.991 
 19.991 
 20.022 
 19.838 
 20.03 
 19.564 
 19.811 
 19.764 
 19.302 
 19.415 
 19.803 
 20.156 
 19.991 
 19.729 
 19.278 
 19.435 
 20.308 
 20.273 
 20.269 
 40.562 
 31.223 
 54.089 
 75.06 
 70.241 
 75.009 
