The Collection Interval for this data is: 15 minutes
 60.721 
 63.883 
 107.113 
 164.986 
 209.266 
 260.55 
 289.841 
 312.7 
 329.671 
 344.518 
 356.13 
 364.826 
 372.129 
 379.196 
 383.395 
 388.261 
 391.086 
 393.471 
 396.018 
 397.843 
 401.91 
 405.165 
 407.715 
 408.342 
 408.174 
 409.036 
 407.668 
 408.464 
 407.653 
 408.867 
 408.577 
 408.961 
 409.153 
 408.887 
 409.177 
 409.231 
 408.891 
 408.902 
 407.872 
 408.914 
 407.856 
 407.935 
 407.99 
 408.127 
 407.927 
 408.272 
 408.389 
 409.13 
 408.663 
 409.079 
 408.076 
 407.77 
 408.703 
 409.275 
 409.036 
 407.876 
 409.051 
 407.821 
 407.805 
 407.962 
 408.162 
 408.009 
 408.037 
 408.072 
 408.189 
 408.656 
 407.982 
 408.765 
 409.263 
 407.841 
 409.11 
 409.106 
 409 
 409.22 
 409.235 
 407.813 
 407.825 
 408.714 
 407.868 
 407.829 
 409.126 
 409.043 
 409.173 
 409.251 
 409.012 
 409.024 
 408.597 
 408.15 
 407.954 
 408.479 
 407.99 
 408.131 
 408.761 
 411.429 
 411.515 
 411.68 
 410.606 
 411.5 
 410.43 
 407.825 
 409.075 
 409.224 
 409.263 
 409.615 
 409.239 
 409.921 
 409.181 
 409.725 
 408.989 
 408.977 
 409.059 
 408.867 
 408.146 
 408.926 
 408.973 
 409.043 
 409.059 
 409.604 
 408.828 
 408.902 
 409.306 
 409.784 
 409.157 
 409.216 
 408.922 
 409.651 
 409.173 
 409.384 
 409.055 
 409.435 
 409.059 
 409.004 
 410.156 
 409.235 
 409.29 
 409.086 
 410.591 
 410.164 
 409.369 
 409.553 
 410.493 
 410.097 
 409.384 
 408.354 
 409.04 
 409.901 
 409.086 
 410.274 
 409.181 
 410.258 
 409.263 
 409.463 
 409.071 
 409.028 
 409.114 
 409.102 
 410.148 
 409.267 
 409.263 
 409.294 
 409.173 
 409.412 
 410.219 
 409.545 
 409.251 
 409.032 
 409.153 
 410.391 
 409.153 
 409.717 
 409.333 
 409.494 
 409.733 
 410.093 
 409.541 
 410.023 
 408.859 
 409.11 
 410.191 
 408.957 
 409.897 
 410.078 
 409.361 
 409.874 
 408.977 
 408.902 
 408.221 
 410.136 
 409.819 
 409.286 
 409.149 
 409.964 
 408.867 
 410.074 
 409.114 
 409.799 
 409.349 
 410.085 
 408.871 
 408.949 
 409.204 
 409.49 
 409.968 
 409.721 
 408.957 
 408.985 
 408.949 
 409.314 
 408.942 
 408.895 
 410.14 
 409.651 
 409.075 
 409.725 
 409.024 
 408.84 
 409.745 
 409.106 
 409.686 
 408.969 
 409.952 
 409.036 
 409.388 
 409.181 
 410.532 
 410.348 
 409.137 
 409.169 
 409.298 
 409.466 
 410.501 
 409.055 
 409.306 
 408.182 
 409.271 
 410.567 
 408.44 
 409.31 
 408.644 
 409.2 
 409.239 
 407.935 
 409.122 
 410.587 
 410.274 
 409.11 
 409.561 
 409.325 
 410.074 
 410.289 
 410.411 
 409.341 
 409.69 
 409.102 
 409.196 
 409.2 
 409.69 
 410.258 
 409.157 
 409.247 
 410.078 
 410.403 
 410.129 
 410.25 
 409.184 
 409.314 
 409.376 
 409.423 
 409.239 
 409.043 
 410.132 
 409.086 
 409.09 
 409.184 
 409.212 
 409.071 
 409.047 
 409.2 
 409.13 
 409.067 
 410.042 
 410.019 
 408.871 
 408.895 
 409.925 
 410.093 
 409.086 
 410.179 
 410.368 
 410.309 
 410.187 
 410.258 
 409.682 
 410.332 
 409.271 
 410.027 
 409.643 
 410.168 
 410.27 
 410.176 
 410.144 
 410.281 
 410.191 
 410.986 
 410.465 
 410.634 
 410.434 
 411.547 
 411.531 
 411.453 
 411.558 
 411.637 
 411.488 
 411.602 
 411.523 
 411.555 
 411.66 
 411.558 
 411.508 
 410.661 
 411.817 
 411.782 
 411.938 
 411.496 
 411.794 
 411.778 
 411.41 
 411.746 
 412.82 
 411.868 
 411.241 
 411.629 
 410.959 
 410.712 
 412.542 
 410.563 
 411.645 
 412.467 
 410.732 
 412.855 
 410.759 
 410.869 
 412.032 
 412.604 
 411.645 
 412.001 
 410.469 
 411.175 
 412.812 
 411.182 
 411.735 
 412.738 
 412.495 
 412.119 
 410.708 
 410.536 
 410.501 
 410.955 
 412.922 
 411.21 
 410.579 
 411.441 
 411.77 
 412.796 
 411.323 
 410.697 
 411.32 
 411.566 
 411.406 
 412.557 
 411.582 
 411.508 
 411.504 
 411.535 
 412.467 
 411.605 
 410.544 
 411.437 
 411.59 
 411.539 
 412.593 
 410.72 
 411.253 
 411.68 
 410.516 
 411.468 
 411.692 
 410.81 
 411.022 
 410.567 
 411.609 
 411.617 
 410.567 
 411.218 
 411.445 
 411.198 
 411.339 
 410.469 
 410.845 
 411.002 
 411.453 
 411.461 
 411.558 
 411.084 
 411.018 
 411.519 
 411.511 
 411.515 
 411.406 
 411.457 
 411.421 
 411.394 
 412.432 
 411.547 
 410.411 
 411.48 
 411.504 
 411.602 
 410.454 
 411.79 
 411.837 
 411.68 
 412.965 
 410.728 
 412.428 
 411.731 
 412.804 
 411.888 
 412.593 
 411.989 
 411.088 
 410.814 
 411.539 
 410.81 
 411.68 
 412.389 
 410.748 
 411.813 
 411.649 
 410.873 
 411.75 
 411.731 
 411.997 
 410.81 
 411.468 
 411.308 
 411.21 
 412.04 
 411.676 
 410.971 
 411.069 
 410.544 
 411.656 
 411.178 
 411.946 
 411.092 
 411.805 
 412.753 
 411.241 
 412.021 
 411.049 
 411.907 
 412.761 
 411.829 
 411.672 
 411.617 
 412.51 
 410.818 
 410.983 
 411.441 
 411.496 
 411.453 
 410.975 
 411.66 
 411.684 
 411.092 
 410.509 
 411.923 
 411.433 
 411.457 
 411.582 
 411.445 
 411.531 
 411.562 
 411.468 
 411.492 
 410.489 
 411.406 
 410.391 
 410.673 
 411.574 
 410.622 
 411.429 
 412.436 
 411.511 
 410.689 
 411.468 
 410.324 
 410.736 
 411.472 
 411.276 
 411.609 
 411.527 
 411.441 
 411.621 
 411.539 
 410.567 
 411.241 
 411.461 
 411.555 
 410.395 
 411.633 
 411.645 
 412.581 
 411.856 
 410.697 
 411.684 
 412.009 
 412.538 
 412.099 
 411.441 
 411.3 
 410.724 
 412.546 
 411.48 
 411.261 
 411.903 
 411.32 
 411.848 
 411.688 
 411.175 
 411.692 
 411.225 
 411.664 
 412.076 
 411.656 
 410.599 
 411.629 
 410.567 
 411.625 
 411.343 
 411.167 
 411.915 
 411.864 
 411.931 
 411.414 
 412.777 
 411.856 
 411.833 
 411.719 
 412.894 
 411.441 
 411.061 
 411.676 
 411.484 
 410.755 
 410.924 
 410.74 
 410.599 
 411.817 
 411.735 
 411.598 
 411.641 
 411.856 
 410.563 
 410.865 
 411.719 
 411.746 
 411.692 
 411.676 
 411.66 
 411.574 
 411.468 
 411.739 
 411.629 
 411.676 
 410.936 
 410.736 
 410.967 
 410.305 
 410.164 
 410.085 
 409.275 
 409.862 
 410.042 
 408.828 
 408.887 
 409.126 
 409.314 
 409.2 
 410.183 
 410.195 
 410.164 
 410.34 
 410.344 
 410.242 
 410.548 
 411.116 
 411.139 
 411.28 
 411.523 
 411.041 
 411.617 
 411.715 
 411.488 
 410.763 
 411.508 
 410.838 
 411.656 
 411.938 
 411.68 
 411.241 
 411.5 
 411.813 
 411.707 
 411.825 
 411.95 
 412.393 
 411.582 
 410.755 
 411.707 
 411.931 
 412.71 
 411.974 
 411.774 
 411.813 
 411.805 
 411.868 
 412.35 
 410.724 
 411.613 
 411.856 
 411.856 
 411.684 
 410.928 
 411.621 
 411.433 
 411.558 
 410.559 
 411.927 
 411.746 
 411.935 
 411.754 
 411.778 
 411.927 
 411.86 
 411.774 
 411.629 
 410.845 
 411.825 
 411.821 
 411.903 
 411.7 
 411.872 
 411.124 
 411.809 
 411.692 
 410.751 
 411.746 
 411.613 
 410.943 
 411.652 
 410.556 
 411.515 
 411.782 
 411.762 
 411.558 
 411.598 
 411.484 
 410.556 
 411.535 
 411.59 
 411.602 
 411.551 
 411.688 
 411.66 
 411.543 
 411.723 
 411.547 
 411.296 
 411.523 
 411.641 
 411.66 
 411.598 
 411.574 
 411.641 
 411.605 
 411.7 
 411.492 
 411.555 
 411.535 
 411.645 
 411.774 
 410.556 
 410.873 
 410.512 
 410.622 
 411.629 
 411.245 
 411.323 
 411.602 
 411.844 
 412.083 
 410.896 
 411.562 
 411.131 
 412.111 
 411.613 
 411.649 
 411.754 
 410.83 
 411.856 
 411.766 
 411.809 
 411.508 
 411.335 
 411.59 
 411.762 
 411.79 
 411.805 
 411.825 
 410.877 
 411.692 
 411.684 
 412.655 
 410.716 
 411.178 
 412.456 
 411.237 
 412.796 
 412.107 
 411.762 
 410.704 
 410.728 
 411.625 
 410.947 
 410.877 
 411.723 
 411.605 
 411.672 
 412.632 
 411.782 
 411.801 
 410.975 
 411.566 
 411.664 
 410.979 
 411.79 
 411.821 
 411.652 
 411.774 
 411.574 
 411.688 
 410.654 
 411.269 
 411.057 
 411.641 
 410.642 
 411.739 
 411.198 
 411.649 
 411.743 
 410.904 
 410.704 
 410.297 
 410.309 
 411.57 
 410.583 
 411.688 
 410.822 
 410.336 
 410.097 
 409.282 
 410.105 
 409.228 
 410.642 
 411.829 
 411.735 
 411.676 
 411.656 
 411.441 
 411.229 
 411.739 
 410.932 
 411.284 
 410.681 
 411.864 
 410.779 
 410.606 
 411.962 
 411.97 
 411.566 
 410.744 
 412.452 
 411.609 
 411.672 
 410.289 
 412.181 
 411.982 
 411.852 
 410.826 
 410.83 
 410.618 
 410.642 
 411.668 
 412.291 
 411.805 
 412.702 
 411.911 
 411.746 
 410.512 
 411.566 
 410.536 
 410.356 
 410.368 
 410.579 
 411.347 
 411.817 
 412.886 
 412.706 
 412.981 
 410.559 
 410.865 
 412.354 
 411.672 
 411.856 
 413.043 
 411.7 
 410.227 
 411.433 
 411.672 
 410.274 
 410.657 
 413.031 
 410.387 
 412.064 
 413.067 
 411.809 
 412.13 
 412.381 
 412.483 
 412.718 
 411.12 
 410.418 
 410.814 
 410.795 
 411.19 
 411.229 
 412.389 
 412.107 
 412.632 
 411.723 
 411.351 
 411.488 
 411.555 
 411.645 
 411.535 
 410.469 
 410.657 
 411.551 
 411.312 
 408.162 
 352.424 
 310.314 
 261.737 
 235.697 
 223.439 
 213.939 
 206.551 
 199.499 
 195.425 
 163.341 
 138.132 
 119.743 
 104.437 
 91.811 
 81.618 
 73.779 
 66.668 
 60.866 
 56.216 
 52.506 
 49.216 
 45.898 
 44.052 
 41.964 
 40.28 
 38.995 
 38.74 
 37.498 
 36.554 
 35.982 
 35.273 
 35.399 
 34.451 
 34.541 
 34.388 
 34.725 
 34.69 
 34.153 
 34.02 
 33.926 
 34.012 
 34.031 
 33.965 
 33.863 
 34.082 
 34.02 
 33.922 
 33.957 
 33.945 
 34.082 
 34.078 
 33.984 
 33.992 
 33.953 
 33.871 
 33.953 
 33.914 
 33.843 
 33.988 
 34.035 
 34.028 
 34.055 
 33.871 
 34.028 
 33.855 
 33.937 
 33.918 
 33.973 
 34.028 
 33.542 
 33.863 
 33.871 
 33.934 
 32.884 
 33.252 
 34.02 
 33.773 
 33.017 
 33.346 
 32.707 
 33.119 
 33.056 
 32.535 
 32.535 
 32.531 
 32.609 
 32.766 
 32.629 
 32.699 
 32.511 
 32.829 
 32.707 
 32.731 
 31.63 
 496.267 
 496.208 
 496.224 
 496.208 
 496.29 
 496.216 
 496.298 
 496.204 
 496.239 
 496.251 
 496.239 
 496.365 
 496.267 
 496.326 
 496.298 
 496.33 
 496.255 
 496.283 
 496.318 
 496.243 
 496.22 
 496.373 
 496.185 
 496.247 
 496.204 
 496.247 
 496.157 
 496.259 
 496.2 
 496.192 
 496.138 
 496.196 
 496.208 
 496.157 
 496.212 
 496.149 
 496.094 
 496.192 
 496.239 
 496.212 
 496.138 
 496.189 
 496.177 
 496.087 
 496.208 
 496.169 
 496.189 
 496.047 
 496.161 
 496.114 
 496.173 
 496.087 
 496.165 
 496.075 
 496.189 
 496.157 
 496.126 
 496.063 
 496.153 
 496.134 
 496.185 
 496.149 
 496.153 
 496.232 
 496.204 
 496.126 
 496.126 
 496.173 
 496.126 
 496.161 
 496.196 
 496.177 
 496.059 
 496.044 
 496.177 
 496.142 
 496.114 
 496.122 
 496.153 
 496.181 
 496.228 
 496.138 
 496.055 
 496.169 
 496.02 
 496.173 
 496.204 
 496.087 
 496.11 
 496.091 
 496.067 
 496.216 
 496.106 
 496.075 
 496.059 
 496.138 
 496.098 
 496.11 
 496.189 
 496.259 
 496.134 
 496.189 
 496.094 
 496.196 
 496.098 
 496.036 
 496.071 
 496.212 
 496.083 
 496.055 
 496.075 
 496.083 
 496.11 
 496.102 
 496.106 
 496.126 
 496.036 
 496.04 
 496.13 
 496.122 
 496.102 
 496.114 
 496.126 
 496.165 
 496.208 
 496.063 
 496.142 
 496.138 
 496.13 
 496.067 
 496.134 
 496.051 
 495.993 
 496.067 
 496.055 
 496.13 
 496.075 
 496.087 
 496.192 
 496.102 
 496.051 
 496.067 
 496.087 
 496.208 
 496.114 
 496.094 
 496.145 
 495.981 
 496.075 
 496.067 
 496.161 
 496.071 
 496.106 
 496.075 
 496.106 
 496.028 
 496.204 
 496.181 
 496.079 
 496.114 
 496.098 
 496.083 
 496.063 
 496.055 
 496.122 
 496.067 
 496.032 
 496.118 
 496.087 
 496.051 
 496.11 
 496.106 
 496.075 
 496.04 
 496.055 
 496.067 
 496.126 
 496 
 496.079 
 496.02 
 496.044 
 496.149 
 496.02 
 496.118 
 496.126 
 496.106 
 496.118 
 496.004 
 496.075 
 496.091 
 496.091 
 496.024 
 496.157 
 495.977 
 495.969 
 496.106 
 496.008 
 496.047 
 496.106 
 496.192 
 495.989 
 496.067 
 496.189 
 496.102 
 496.094 
 496.169 
 496.149 
 496.024 
 496.071 
 496.079 
 496 
 496.094 
 496.059 
 496.04 
 496.106 
 496.008 
 496.067 
 496.044 
 496.098 
 496.04 
 496.087 
 496.075 
 496.118 
 496.012 
 496.075 
 496.13 
 496.142 
 496.134 
 496.036 
 496.087 
 496.185 
 496.044 
 496.126 
 496.059 
 496.087 
 496.094 
 496.106 
 496.094 
 496.032 
 496.102 
 496.091 
 496.118 
 496.102 
 496.083 
 496.118 
 496.087 
 496.02 
 496.083 
 496.075 
 496.044 
 496.051 
 496.13 
 496.094 
 496.091 
 496.067 
 496.012 
 495.997 
 496.059 
 496.051 
 496.024 
 496.063 
 496.134 
 496.063 
 496.161 
 496.118 
 496.024 
 496.008 
 496.161 
 495.981 
 496.044 
 496.047 
 496.13 
 496.083 
 496.047 
 496.067 
 495.95 
 496.036 
 496.067 
 496.051 
 496.067 
 495.934 
 496.004 
 496.036 
 496.114 
 496.059 
 496.094 
 495.989 
 496.063 
 495.977 
 496.016 
 496.126 
 496.051 
 496.083 
 496.161 
 496.11 
 496.098 
 496.153 
 496.134 
 496.165 
 496.157 
 496.228 
 496.169 
 496.228 
 496.11 
 496.263 
 496.079 
 496.224 
 496.251 
 496.208 
 496.212 
 496.208 
 496.259 
 496.142 
 496.196 
 496.255 
 496.232 
 496.181 
 496.243 
 496.161 
 496.145 
 496.196 
 496.149 
 496.079 
 496.2 
 496.13 
 496.075 
 496.142 
 496.11 
 496.075 
 496.173 
 496.004 
 496.02 
 496.083 
 496.161 
 496.087 
 496.091 
 496.083 
 496.087 
 496.016 
 496.094 
 496.114 
 496 
 496.161 
 496.087 
 496.106 
 496.067 
 496.02 
 496.067 
 496.11 
 496.102 
 496.087 
 496.177 
 496.102 
 496.094 
 495.985 
 496.11 
 496.094 
 496.083 
 496.169 
 496.008 
 496.047 
 496.126 
 496.075 
 496.047 
 496.122 
 496.094 
 495.989 
 496.153 
 496.138 
 496.102 
 496.138 
 496.094 
 496.106 
 496.044 
 495.973 
 496.153 
 496.051 
 496.224 
 496.126 
 496.102 
 496.118 
 496.11 
 496.153 
 496.098 
 496.157 
 496.212 
 496.224 
 496.138 
 496.122 
 496.087 
 496.185 
 496.181 
 496.189 
 496.204 
 496.2 
 496.228 
 496.177 
 496.189 
 496.149 
 496.169 
 496.134 
 496.243 
 496.267 
 496.228 
 496.298 
 496.189 
 496.196 
 496.224 
 496.263 
 496.192 
 496.259 
 496.275 
 496.2 
 496.255 
 496.208 
 496.322 
 496.283 
 496.239 
 496.224 
 496.102 
 496.185 
 496.134 
 496.259 
 496.208 
 496.2 
 496.208 
 496.149 
 496.189 
 496.22 
 496.322 
 496.236 
 496.216 
 496.177 
 496.192 
 496.286 
 496.2 
 496.259 
 496.271 
 496.259 
 496.239 
 496.236 
 496.322 
 496.298 
 496.302 
 496.279 
 496.185 
 496.267 
 496.286 
 496.259 
 496.263 
 496.247 
 496.259 
 496.255 
 496.208 
 496.267 
 496.216 
 496.29 
 496.302 
 496.267 
 496.302 
 496.22 
 496.279 
 496.11 
 496.337 
 496.326 
 496.247 
 496.2 
 496.263 
 496.283 
 496.208 
 496.263 
 496.091 
 496.341 
 496.298 
 496.377 
 496.318 
 496.267 
 496.255 
 496.243 
 21.922 
 21.1 
 97.617 
 64.929 
 95.305 
 94.013 
 94.682 
 82.765 
 75.083 
 68.576 
 62.935 
 58.821 
 54.841 
 50.81 
 47.958 
 45.42 
 43.653 
 40.742 
 38.975 
 37.831 
 36.045 
 34.474 
 33.162 
 32.59 
 31.556 
 30.325 
 29.358 
 28.872 
 28.367 
 27.716 
 27.27 
 26.878 
 26.408 
 25.335 
 26.11 
 24.935 
 25.033 
 24.199 
 24.069 
 23.811 
 23.807 
 23.807 
 23.29 
 22.753 
 23.164 
 22.933 
 22.389 
 22.459 
 22.475 
 22.408 
 22.565 
 22.349 
 22.373 
 22.005 
 21.966 
 22.146 
 22.009 
 22.232 
 22.185 
 21.386 
 22.248 
 21.977 
 22.028 
 21.209 
 21.151 
 21.127 
 21.151 
 21.158 
 21.088 
 21.206 
 21.213 
 21.233 
 21.206 
 21.268 
 21.104 
 21.296 
 21.072 
 21.276 
 21.253 
 21.135 
 21.217 
 21.057 
 21.045 
 21.233 
 21.068 
 21.26 
 21.162 
 21.178 
 20.524 
 20.939 
 20.587 
 20.857 
 20.152 
 20.179 
 20.9 
 20.802 
 20.661 
 20.606 
 20.089 
 20.144 
 20.622 
 20.61 
 20.818 
 20.959 
 20.383 
 20.496 
 20.222 
 20.187 
 20.759 
 21.021 
 20.508 
 20.614 
 20.277 
 20.724 
 20.81 
 20.688 
 20.308 
 20.234 
 20.269 
 20.496 
 20.822 
 20.136 
 20.873 
 20.786 
 20.398 
 20.144 
 20.759 
 20.551 
 20.493 
 19.999 
 20.136 
 20.371 
 20.712 
 20.767 
 20.837 
 20.806 
 20.351 
 20.7 
 20.939 
 20.794 
 20.802 
 20.312 
 20.43 
 20.775 
 20.5 
 20.7 
 20.003 
 20.912 
 20.939 
 20.798 
 20.896 
 20.406 
 21.151 
 21.135 
 20.669 
 20.43 
 20.375 
 21.225 
 20.148 
 21.206 
 21.08 
 21.206 
 21.033 
 21.041 
 21.245 
 21.162 
 21.119 
 21.021 
 21.096 
 21.068 
 21.209 
 21.237 
 21.213 
 21.131 
 21.182 
 21.123 
 21.072 
 21.26 
 21.064 
 21.135 
 21.194 
 20.34 
 20.195 
 20.214 
 20.132 
 20.833 
 20.786 
 20.179 
 20.128 
 20.273 
 20.328 
 21.068 
 21.064 
 20.312 
 20.242 
 55.108 
 111.05 
 117 
 124.918 
 123.966 
 123.621 
 118.282 
