The Collection Interval for this data is: 15 minutes
 23.614 
 24.354 
 61.935 
 96.977 
 128.082 
 159.782 
 188.757 
 211.238 
 228.728 
 242.751 
 253.482 
 262.237 
 269.445 
 275.04 
 280.189 
 283.778 
 286.395 
 288.469 
 290.343 
 292.922 
 296.109 
 299.045 
 301.925 
 303.73 
 304.557 
 304.887 
 305.145 
 305.401 
 305.444 
 306.151 
 306.783 
 307.051 
 307.149 
 306.588 
 306.136 
 306.544 
 307.27 
 306.775 
 306.792 
 306.361 
 306.81 
 306.274 
 305.881 
 306.004 
 306.28 
 306.814 
 306.474 
 306.237 
 305.782 
 306.102 
 306.223 
 306.107 
 305.903 
 306.143 
 306.543 
 306.851 
 306.683 
 306.751 
 306.343 
 306.248 
 306.46 
 306.613 
 306.076 
 305.931 
 305.875 
 306.174 
 306.525 
 306.342 
 306.054 
 305.711 
 306.211 
 306.483 
 306.026 
 305.636 
 305.964 
 306.589 
 306.472 
 305.808 
 305.83 
 305.323 
 305.176 
 305.19 
 305.106 
 304.755 
 304.725 
 304.839 
 304.523 
 304.322 
 304.049 
 304.033 
 303.951 
 304.013 
 304.126 
 304.237 
 304.866 
 305.026 
 305.469 
 305.403 
 304.577 
 301.841 
 302.845 
 303.095 
 303.162 
 303.299 
 303.121 
 302.782 
 303.005 
 302.975 
 302.874 
 302.712 
 302.669 
 302.558 
 302.561 
 302.618 
 302.633 
 302.781 
 302.972 
 302.836 
 302.967 
 303.207 
 303.346 
 303.753 
 303.777 
 303.751 
 303.841 
 304.292 
 304.874 
 305.335 
 305.615 
 304.97 
 304.666 
 305.213 
 305.86 
 305.749 
 304.995 
 304.794 
 305.602 
 305.811 
 305.526 
 304.716 
 305.112 
 305.768 
 305.654 
 305.29 
 305.242 
 305.2 
 305.431 
 305.073 
 304.456 
 304.588 
 305.263 
 305.084 
 304.78 
 304.664 
 305.02 
 305.511 
 305.145 
 305.073 
 304.922 
 305.637 
 305.635 
 304.859 
 304.671 
 304.914 
 305.409 
 305.328 
 305.133 
 304.964 
 305.533 
 305.806 
 305.363 
 305.197 
 304.963 
 304.602 
 304.603 
 304.164 
 304.026 
 303.973 
 303.526 
 303.49 
 303.358 
 303.516 
 303.341 
 303.324 
 302.792 
 302.673 
 302.577 
 302.881 
 302.818 
 303.231 
 303.265 
 303.457 
 303.881 
 303.965 
 304.361 
 303.609 
 303.481 
 303.354 
 303.291 
 303.298 
 303.202 
 303.209 
 303.119 
 303.273 
 303.064 
 303.071 
 303.437 
 303.461 
 303.464 
 303.332 
 303.686 
 303.559 
 303.705 
 303.797 
 304.1 
 303.772 
 303.855 
 303.997 
 304.46 
 303.782 
 303.969 
 304.285 
 304.891 
 305.444 
 305.409 
 304.965 
 305.231 
 305.726 
 305.665 
 305.095 
 305.04 
 305.335 
 305.68 
 305.426 
 304.924 
 305 
 305.459 
 305.765 
 305.561 
 305.23 
 305.102 
 305.921 
 306.133 
 305.28 
 304.848 
 304.714 
 305.312 
 305.077 
 304.938 
 304.801 
 305.061 
 305.39 
 305.213 
 304.823 
 304.832 
 305.342 
 305.667 
 304.844 
 304.803 
 305.057 
 305.468 
 305.188 
 304.787 
 304.518 
 304.869 
 305.182 
 304.84 
 304.355 
 304.402 
 303.992 
 303.674 
 303.575 
 303.635 
 303.427 
 303.341 
 303.338 
 302.926 
 302.779 
 302.967 
 302.963 
 302.645 
 302.375 
 302.514 
 302.551 
 302.271 
 302.331 
 302.228 
 302.443 
 302.653 
 302.853 
 302.923 
 302.748 
 302.687 
 302.841 
 302.547 
 302.698 
 302.668 
 302.71 
 302.961 
 303.003 
 302.936 
 303.024 
 303.277 
 303.373 
 302.903 
 303.308 
 303.622 
 303.743 
 303.804 
 303.819 
 304.207 
 303.696 
 303.869 
 304.108 
 303.918 
 303.74 
 303.896 
 304.7 
 305.03 
 306.027 
 306.103 
 306.236 
 306.2 
 306.41 
 306.92 
 306.419 
 306.381 
 306.561 
 306.832 
 306.832 
 306.449 
 306.355 
 306.848 
 307.072 
 306.763 
 306.198 
 306.62 
 307.164 
 307.187 
 306.973 
 306.913 
 307.091 
 307.347 
 307.074 
 306.817 
 306.708 
 307.371 
 307.413 
 307.147 
 307.023 
 307.145 
 307.68 
 307.809 
 307.211 
 306.8 
 307.32 
 307.891 
 307.203 
 306.904 
 306.89 
 307.177 
 307.404 
 307.414 
 307.277 
 307.397 
 307.023 
 306.821 
 306.815 
 306.5 
 306.293 
 306.072 
 306.032 
 306.242 
 306.291 
 305.836 
 306.053 
 305.894 
 305.761 
 305.826 
 305.676 
 305.706 
 305.499 
 305.463 
 305.15 
 305.241 
 305.2 
 305.025 
 304.97 
 305.151 
 305.011 
 304.711 
 305.071 
 305.114 
 304.974 
 304.951 
 305.059 
 305.055 
 305.115 
 304.966 
 305.017 
 305.022 
 305.162 
 304.98 
 305.033 
 304.973 
 304.982 
 304.852 
 305.088 
 305.238 
 305.024 
 305.13 
 304.933 
 305.365 
 305.948 
 306.308 
 306.764 
 307.246 
 307.435 
 307.117 
 306.658 
 307.194 
 307.282 
 307.325 
 307.038 
 307.378 
 307.6 
 307.284 
 306.66 
 306.824 
 307.28 
 307.319 
 306.698 
 306.76 
 307.312 
 307.132 
 306.812 
 307.033 
 307.534 
 307.599 
 306.674 
 306.74 
 306.933 
 307.016 
 306.479 
 306.434 
 307.079 
 307.007 
 306.705 
 306.565 
 306.94 
 307.126 
 306.254 
 306.14 
 306.916 
 306.804 
 306.559 
 306.235 
 306.309 
 306.995 
 306.367 
 306.439 
 305.93 
 305.903 
 305.813 
 305.547 
 305.571 
 305.827 
 305.702 
 305.671 
 305.603 
 305.445 
 305.32 
 305.048 
 305.199 
 305.035 
 304.811 
 304.965 
 305.249 
 305.186 
 305.376 
 305.29 
 304.982 
 305.206 
 305.019 
 305.058 
 305.097 
 304.898 
 304.831 
 304.97 
 304.985 
 304.979 
 304.961 
 305.003 
 305.021 
 304.827 
 304.856 
 304.96 
 304.914 
 304.742 
 304.666 
 304.672 
 304.642 
 304.569 
 304.666 
 304.823 
 304.811 
 304.639 
 304.509 
 304.864 
 305.493 
 305.787 
 306.325 
 306.469 
 306.864 
 306.442 
 306.341 
 306.32 
 307.091 
 307.294 
 306.908 
 307.063 
 306.924 
 307.067 
 307.222 
 306.628 
 306.093 
 306.833 
 307.14 
 306.895 
 306.525 
 306.423 
 306.625 
 306.82 
 306.612 
 306.302 
 306.399 
 307.033 
 307.029 
 306.916 
 306.722 
 306.531 
 306.823 
 306.662 
 306.458 
 306.426 
 306.309 
 306.649 
 306.396 
 305.749 
 305.921 
 306.582 
 306.485 
 305.892 
 305.822 
 305.986 
 306.491 
 305.962 
 305.833 
 305.65 
 305.344 
 305.2 
 305.134 
 305.079 
 304.851 
 304.723 
 304.477 
 304.488 
 304.302 
 304.065 
 303.973 
 303.804 
 303.66 
 303.86 
 303.698 
 303.441 
 303.642 
 303.365 
 303.234 
 302.998 
 302.959 
 302.768 
 302.586 
 302.325 
 302.155 
 302.208 
 302.129 
 301.783 
 301.651 
 301.805 
 301.821 
 301.736 
 301.874 
 302.044 
 302.546 
 302.434 
 302.62 
 302.787 
 303.081 
 303.22 
 303.337 
 303.465 
 303.675 
 303.029 
 303.338 
 304.357 
 304.987 
 305.589 
 306.172 
 306.242 
 305.962 
 305.631 
 306.032 
 306.023 
 305.835 
 305.551 
 305.227 
 305.676 
 306.131 
 305.919 
 305.719 
 305.546 
 305.524 
 306.143 
 306.434 
 306.392 
 305.978 
 305.888 
 305.821 
 306.484 
 306.389 
 306.293 
 306.235 
 306.365 
 306.712 
 306.838 
 306.746 
 306.64 
 306.516 
 306.673 
 307.07 
 306.709 
 306.421 
 306.116 
 306.534 
 306.394 
 306.192 
 305.93 
 305.54 
 306.141 
 306.214 
 306.147 
 305.83 
 305.772 
 305.385 
 305.237 
 304.642 
 304.733 
 304.705 
 304.712 
 304.563 
 304.634 
 304.719 
 304.965 
 304.907 
 304.971 
 304.476 
 304.585 
 304.332 
 304.044 
 303.516 
 303.089 
 303.25 
 303.552 
 303.903 
 303.554 
 304.24 
 303.922 
 304.191 
 304.219 
 304.234 
 304.298 
 304.113 
 304.149 
 304.084 
 304.29 
 304.289 
 304.522 
 304.239 
 304.585 
 304.594 
 304.564 
 304.358 
 304.694 
 304.966 
 304.972 
 304.954 
 304.846 
 305.255 
 305.008 
 305.136 
 305.727 
 306.355 
 306.693 
 306.452 
 306.205 
 305.848 
 306.035 
 306.442 
 306.253 
 305.754 
 305.82 
 305.439 
 305.287 
 305.842 
 306.233 
 305.795 
 306.01 
 305.61 
 305.709 
 306.031 
 306.401 
 306.579 
 306.402 
 306.167 
 306.031 
 306.058 
 306.296 
 306.935 
 306.63 
 306.45 
 306.393 
 306.389 
 306.103 
 305.954 
 306.454 
 306.548 
 306.499 
 306.12 
 305.964 
 305.76 
 305.949 
 306.371 
 306.673 
 306.191 
 305.905 
 306.191 
 305.719 
 305.456 
 305.736 
 305.451 
 305.286 
 305.268 
 305.356 
 305.438 
 305.658 
 305.439 
 305.329 
 305.168 
 305.505 
 305.264 
 304.919 
 304.736 
 304.393 
 304.115 
 303.837 
 303.272 
 303.527 
 303.649 
 304.074 
 303.875 
 303.719 
 303.824 
 303.511 
 303.185 
 303.08 
 302.948 
 304.27 
 304.906 
 305.139 
 305.604 
 306.218 
 306.414 
 305.949 
 305.707 
 305.713 
 305.881 
 305.887 
 305.77 
 305.904 
 305.677 
 305.664 
 305.848 
 306.083 
 306.113 
 305.835 
 306.139 
 306.861 
 307.216 
 307.703 
 307.282 
 307.303 
 307.223 
 307.298 
 307.617 
 307.185 
 306.648 
 306.9 
 307.564 
 307.964 
 307.51 
 307.297 
 307.445 
 307.81 
 308.123 
 307.944 
 307.925 
 307.596 
 308.107 
 308.835 
 308.789 
 308.393 
 308.342 
 308.592 
 309.097 
 308.957 
 308.715 
 308.632 
 308.854 
 309.387 
 309.07 
 308.918 
 308.862 
 309.244 
 309.3 
 308.827 
 308.821 
 309.004 
 308.842 
 308.654 
 308.143 
 307.552 
 307.574 
 307.094 
 306.873 
 306.577 
 306.228 
 305.95 
 305.901 
 305.665 
 305.607 
 305.991 
 305.664 
 305.487 
 305.29 
 305.521 
 305.061 
 305.2 
 304.986 
 305.089 
 304.961 
 305.155 
 305.013 
 287.274 
 268.733 
 250.019 
 232.969 
 219.872 
 210.084 
 202.613 
 196.531 
 191.871 
 160.901 
 136.404 
 117.596 
 102.305 
 90.159 
 80.18 
 72.156 
 65.453 
 59.837 
 55.226 
 51.408 
 48.158 
 45.438 
 43.206 
 41.365 
 39.82 
 38.473 
 37.371 
 36.459 
 35.67 
 35.115 
 34.605 
 34.252 
 34.063 
 33.813 
 33.694 
 33.572 
 33.477 
 33.397 
 33.392 
 33.319 
 33.273 
 33.252 
 33.275 
 33.172 
 33.251 
 33.148 
 33.132 
 33.176 
 33.152 
 33.149 
 33.118 
 33.121 
 33.099 
 33.047 
 33.04 
 33.025 
 33 
 33.025 
 33.025 
 33.009 
 33.019 
 32.999 
 33.014 
 32.91 
 32.944 
 32.944 
 32.925 
 32.837 
 32.847 
 32.875 
 32.815 
 32.812 
 32.812 
 32.803 
 32.734 
 32.756 
 32.747 
 32.771 
 32.548 
 32.128 
 32.146 
 32.119 
 32.163 
 32.057 
 31.998 
 31.998 
 31.954 
 31.988 
 31.995 
 31.974 
 32.062 
 32.021 
 31.021 
 29.908 
 28.896 
 27.893 
 27.021 
 26.177 
 25.53 
 24.926 
 24.314 
 23.802 
 23.445 
 23.114 
 22.73 
 22.451 
 22.306 
 22.062 
 21.914 
 21.761 
 21.605 
 21.391 
 21.36 
 21.405 
 21.302 
 21.201 
 21.148 
 21.072 
 20.958 
 20.845 
 20.781 
 20.782 
 20.697 
 20.681 
 20.602 
 20.571 
 20.501 
 20.476 
 20.364 
 20.388 
 20.369 
 20.246 
 20.306 
 20.29 
 20.17 
 20.221 
 20.189 
 20.171 
 20.186 
 20.066 
 20.095 
 20.114 
 20.089 
 20 
 20.026 
 20.051 
 19.937 
 19.982 
 19.987 
 19.978 
 19.911 
 19.9 
 19.927 
 19.927 
 19.817 
 19.851 
 19.851 
 19.864 
 19.75 
 19.782 
 19.785 
 19.724 
 19.702 
 19.728 
 19.744 
 19.633 
 19.656 
 19.671 
 19.631 
 19.579 
 19.589 
 19.521 
 19.531 
 19.526 
 19.409 
 19.453 
 19.46 
 19.361 
 19.377 
 19.396 
 19.4 
 19.264 
 19.327 
 19.314 
 19.296 
 19.194 
 19.199 
 19.248 
 19.242 
 19.245 
 19.134 
 19.148 
 19.182 
 19.16 
 19.157 
 19.163 
 19.123 
 19.117 
 19.039 
 19.009 
 19.009 
 19.015 
 18.996 
 19.059 
 19.037 
 19.078 
 19.053 
 19.062 
 18.977 
 18.979 
 18.949 
 18.955 
 18.967 
 18.961 
 18.961 
 18.974 
 18.972 
 19.03 
 19.008 
 19.018 
 19.024 
 19.015 
 19.021 
 18.993 
 19.018 
 19.018 
 19.033 
 19.021 
 19.034 
 19.012 
 18.993 
 18.941 
 18.92 
 18.904 
 18.91 
 18.892 
 18.951 
 18.958 
 18.942 
 18.942 
 18.951 
 18.964 
 18.86 
 18.841 
 18.847 
 18.847 
 18.838 
 18.847 
 18.838 
 18.881 
 18.891 
 18.901 
 18.895 
 18.895 
 18.784 
 18.784 
 18.811 
 18.831 
 18.74 
 18.708 
 18.727 
 18.774 
 18.781 
 18.828 
 18.781 
 18.753 
 18.648 
 18.68 
 18.711 
 18.727 
 18.73 
 18.657 
 18.626 
 18.607 
 18.637 
 18.648 
 18.664 
 18.654 
 18.648 
 18.67 
 18.664 
 18.658 
 18.664 
 18.664 
 18.673 
 18.651 
 18.654 
 18.667 
 18.673 
 18.676 
 18.67 
 18.658 
 18.661 
 18.648 
 18.605 
 18.699 
 18.677 
 18.668 
 18.611 
 18.743 
 18.749 
 18.737 
 18.74 
 18.688 
 18.693 
 18.794 
 18.781 
 18.772 
 18.794 
 18.794 
 18.778 
 18.791 
 18.806 
 18.776 
 18.711 
 18.708 
 18.721 
 18.778 
 18.758 
 18.715 
 18.73 
 18.683 
 18.708 
 18.702 
 18.702 
 18.677 
 18.69 
 18.691 
 18.731 
 18.734 
 18.728 
 18.728 
 18.724 
 18.753 
 18.706 
 18.626 
 18.608 
 18.611 
 18.627 
 18.655 
 18.646 
 18.658 
 18.631 
 18.582 
 18.523 
 18.507 
 18.516 
 18.572 
 18.509 
 18.469 
 18.491 
 18.516 
 18.424 
 18.431 
 18.494 
 18.435 
 18.367 
 18.367 
 18.39 
 18.405 
 18.317 
 18.317 
 18.301 
 18.37 
 18.3 
 18.26 
 18.26 
 18.292 
 18.215 
 18.184 
 18.178 
 18.26 
 18.254 
 18.238 
 18.241 
 18.21 
 18.245 
 18.231 
 18.273 
 18.233 
 18.318 
 18.375 
 18.43 
 18.419 
 18.473 
 18.514 
 18.531 
 18.506 
 18.634 
 18.647 
 18.664 
 18.674 
 18.69 
 18.769 
 18.73 
 18.75 
 18.773 
 18.856 
 18.786 
 18.877 
 18.855 
 18.923 
 18.937 
 18.949 
 18.953 
 18.994 
 18.929 
 18.967 
 18.935 
 18.942 
 18.882 
 18.948 
 18.933 
 18.976 
 18.93 
 18.922 
 19.004 
 18.943 
 18.945 
 18.954 
 18.998 
 18.897 
 18.96 
 18.951 
 18.862 
 18.909 
 18.935 
 18.905 
 18.836 
 18.882 
 18.845 
 18.851 
 18.83 
 18.815 
 18.913 
 18.845 
 18.842 
 18.904 
 18.904 
 18.845 
 18.852 
 18.805 
 18.79 
 18.818 
 18.796 
 18.796 
 18.823 
 18.846 
 18.862 
 18.862 
 18.761 
 18.77 
 18.767 
 18.801 
 18.808 
 18.784 
 18.704 
 18.726 
 18.783 
 18.672 
 18.653 
 18.685 
 18.675 
 18.72 
 18.723 
 18.717 
 18.624 
 18.606 
 18.673 
 18.884 
 19.025 
 19.173 
 19.22 
 19.301 
 19.378 
 19.502 
 19.482 
 19.545 
 19.548 
 19.643 
 19.668 
 19.658 
 19.721 
 19.774 
 19.826 
 19.844 
 19.91 
 19.909 
 19.961 
 20.052 
 20.097 
 20.027 
 20.094 
 20.16 
 20.141 
 20.261 
 20.26 
 20.295 
 20.318 
 20.367 
 20.332 
 20.342 
 20.378 
 20.395 
 20.367 
 20.349 
 20.364 
 20.33 
 20.352 
 20.371 
 20.372 
 20.339 
 20.32 
 20.345 
 20.32 
 20.351 
 20.267 
 20.246 
 20.31 
 20.31 
 20.307 
 20.31 
 20.323 
 20.348 
 20.323 
 20.34 
 20.371 
 20.352 
 20.355 
 20.285 
 20.292 
 20.289 
 20.289 
 20.27 
 20.279 
 20.372 
 20.384 
 20.393 
 20.377 
 20.371 
 20.319 
 20.319 
 20.299 
 20.305 
 20.286 
 20.305 
 20.314 
 20.318 
 20.299 
 20.363 
 20.382 
 20.299 
 20.364 
 20.431 
 20.428 
 20.431 
 20.412 
 20.381 
 20.39 
 20.378 
 20.507 
 20.481 
 20.45 
 20.438 
 20.536 
 20.47 
 20.59 
 20.568 
 20.542 
 20.571 
 20.603 
 20.637 
 20.7 
 20.347 
 20.103 
 20.295 
 29.888 
 41.862 
 50.485 
 72.578 
 88.825 
 81.602 
 75.227 
 69.585 
 64.37 
 59.782 
 55.861 
 51.79 
 47.798 
 44.294 
 41.149 
 38.372 
 36.075 
 34.025 
 32.201 
 30.694 
 29.394 
 28.233 
 27.258 
 26.343 
 25.586 
 24.958 
 24.42 
 23.931 
 23.535 
 23.2 
 22.885 
 22.687 
 22.496 
 22.337 
 22.168 
 22.031 
 21.956 
 21.848 
 21.747 
 21.716 
 21.62 
 21.621 
 21.582 
 21.545 
 21.482 
 21.467 
 21.409 
 21.363 
 21.35 
 21.376 
 21.296 
 21.287 
 21.281 
 21.312 
 21.232 
 21.192 
 21.198 
 21.21 
 21.191 
 21.138 
 21.147 
 21.156 
 21.183 
 21.17 
 21.161 
 21.164 
 21.183 
 21.158 
 21.167 
 21.173 
 21.189 
 21.198 
 21.174 
 21.134 
 21.135 
 21.138 
 21.154 
 21.154 
 21.103 
 21.002 
 21.021 
 20.96 
 20.948 
 20.98 
 20.919 
 20.897 
 20.894 
 20.957 
 20.859 
 20.879 
 20.904 
 20.849 
 20.821 
 20.855 
 20.916 
 20.874 
 20.834 
 20.895 
 20.867 
 20.804 
 20.853 
 20.826 
 20.741 
 20.758 
 20.783 
 20.767 
 20.787 
 20.869 
 20.775 
 20.795 
 20.859 
 20.833 
 20.809 
 20.862 
 20.809 
 20.858 
 20.871 
 20.875 
 20.86 
 20.852 
 20.817 
 20.899 
 20.858 
 20.841 
 20.886 
 20.936 
 20.939 
 20.939 
 21.04 
 21.027 
 21.074 
 21.15 
 21.181 
 21.165 
 21.254 
 21.289 
 21.261 
 21.374 
 21.364 
 21.434 
 21.421 
 21.409 
 21.434 
 21.447 
 21.425 
 21.468 
 21.478 
 21.481 
 21.487 
 21.503 
 21.531 
 21.509 
 21.518 
 21.484 
 21.465 
 21.501 
 21.501 
 21.537 
 21.541 
 21.498 
 21.486 
 21.48 
 21.436 
 21.455 
 21.465 
 21.449 
 21.452 
 21.452 
 21.465 
 21.483 
 21.493 
 21.455 
 21.505 
 21.474 
 21.356 
 21.277 
 21.269 
 21.182 
 21.162 
 21.085 
 21.123 
 21.054 
 20.978 
 20.968 
 20.956 
 20.983 
 20.931 
 20.912 
 20.917 
 20.556 
 20.118 
 20.226 
 20.279 
 20.297 
 41.795 
 44.934 
 50.23 
 58.186 
 58.298 
