The Collection Interval for this data is: 15 minutes
 23.59 
 24.331 
 60.924 
 96.329 
 127.917 
 160.852 
 189.86 
 212.389 
 229.663 
 243.828 
 254.734 
 263.4 
 270.22 
 276.345 
 281.073 
 284.622 
 287.674 
 289.754 
 291.789 
 293.882 
 297.297 
 300.459 
 303.45 
 304.368 
 305.907 
 306.137 
 306.629 
 307.278 
 306.898 
 307.048 
 307.444 
 308.104 
 308.178 
 308.018 
 307.349 
 307.913 
 307.99 
 307.786 
 307.84 
 308.039 
 308.181 
 307.353 
 307.3 
 307.157 
 307.807 
 307.772 
 307.755 
 307.36 
 307.024 
 306.993 
 307.721 
 307.792 
 307.294 
 307.257 
 307.339 
 308.13 
 308.021 
 307.861 
 307.86 
 307.49 
 307.664 
 307.486 
 307.823 
 307.063 
 307.043 
 307.558 
 307.844 
 307.507 
 306.765 
 307.201 
 307.294 
 307.74 
 307.218 
 306.831 
 306.915 
 307.926 
 307.628 
 307.009 
 306.986 
 306.703 
 306.525 
 306.298 
 306.615 
 306.086 
 306.192 
 305.86 
 305.624 
 305.659 
 305.513 
 305.175 
 305.364 
 305.055 
 305.167 
 305.639 
 306.304 
 306.849 
 306.764 
 306.801 
 306.061 
 303.025 
 304.238 
 304.706 
 304.603 
 304.793 
 304.704 
 304.454 
 304.886 
 304.211 
 304.132 
 304.387 
 304.353 
 304.233 
 303.834 
 304.417 
 304.054 
 304.02 
 304.017 
 304.052 
 304.505 
 304.557 
 304.721 
 304.749 
 305.156 
 305.285 
 305.185 
 305.599 
 306.373 
 306.585 
 306.556 
 305.968 
 306.233 
 306.596 
 306.979 
 306.841 
 306.168 
 305.959 
 306.79 
 306.792 
 306.305 
 305.723 
 306.577 
 306.636 
 306.685 
 306.357 
 306.715 
 306.53 
 306.263 
 305.651 
 305.775 
 305.639 
 306.345 
 306.25 
 306.106 
 305.789 
 306.07 
 306.512 
 306.135 
 305.983 
 306.467 
 306.949 
 306.241 
 305.946 
 306.07 
 306.094 
 306.527 
 306.072 
 306.072 
 306.468 
 306.725 
 306.936 
 306.666 
 306.315 
 306.102 
 306.079 
 305.328 
 305.268 
 305.311 
 305.012 
 305.019 
 304.916 
 304.685 
 304.551 
 304.314 
 304.659 
 304.294 
 303.858 
 303.927 
 304.038 
 304.352 
 304.188 
 304.596 
 305.054 
 304.989 
 305.492 
 305.561 
 304.75 
 304.592 
 304.888 
 304.798 
 304.682 
 304.383 
 304.421 
 304.358 
 304.615 
 304.842 
 304.539 
 304.638 
 305.104 
 304.28 
 305.032 
 304.848 
 304.911 
 305.11 
 305.009 
 304.943 
 304.977 
 305.329 
 305.591 
 305.027 
 305.136 
 305.225 
 305.806 
 306.146 
 306.751 
 306.35 
 306.082 
 306.717 
 306.745 
 306.923 
 306.585 
 306.378 
 306.522 
 307.082 
 306.676 
 306.136 
 306.483 
 306.564 
 307.037 
 306.894 
 306.755 
 306.551 
 307.33 
 307.191 
 306.602 
 305.84 
 306.103 
 306.403 
 306.372 
 305.862 
 305.926 
 306.09 
 306.723 
 306.272 
 305.891 
 306.359 
 306.217 
 306.526 
 306.528 
 305.91 
 306.199 
 306.571 
 306.16 
 306.054 
 305.612 
 306.015 
 305.806 
 306.09 
 305.493 
 305.369 
 305.029 
 305.035 
 304.812 
 304.426 
 304.693 
 304.423 
 304.033 
 304.138 
 303.935 
 303.876 
 304.254 
 303.703 
 303.784 
 303.647 
 303.559 
 303.733 
 303.72 
 303.647 
 303.393 
 303.629 
 303.879 
 304.055 
 304.448 
 304.003 
 304.285 
 304.055 
 303.786 
 303.782 
 303.907 
 304.318 
 304.38 
 304.13 
 304.106 
 304.577 
 304.581 
 304.553 
 304.952 
 304.447 
 305.173 
 305.296 
 305.336 
 305.356 
 305.302 
 304.787 
 305.372 
 304.871 
 305.49 
 305.39 
 305.563 
 306.335 
 307.154 
 306.967 
 307.243 
 307.509 
 307.755 
 307.853 
 308.094 
 307.797 
 308.178 
 308.001 
 307.893 
 307.571 
 307.527 
 307.906 
 308.095 
 307.916 
 307.567 
 307.895 
 308.175 
 308.228 
 308.23 
 307.755 
 308.236 
 308.437 
 308.101 
 307.905 
 308.055 
 308.323 
 308.38 
 308.469 
 308.139 
 308.44 
 308.713 
 308.761 
 308.2 
 308.145 
 308.726 
 309.107 
 308.55 
 307.907 
 308.357 
 308.576 
 308.262 
 308.359 
 308.477 
 308.478 
 307.943 
 307.854 
 308.083 
 307.706 
 307.327 
 307.346 
 307.444 
 307.485 
 307.448 
 307.669 
 306.844 
 307.233 
 307.197 
 307.273 
 306.619 
 306.905 
 306.815 
 306.716 
 306.845 
 306.108 
 306.315 
 306.215 
 306.205 
 306.428 
 306.385 
 306.15 
 306.363 
 306.124 
 306.097 
 306.316 
 306.678 
 306.042 
 306.608 
 305.978 
 306.146 
 306.333 
 305.963 
 306.296 
 305.985 
 306.328 
 306.159 
 305.978 
 306.573 
 306.628 
 306.005 
 306.584 
 306.372 
 306.655 
 307.189 
 307.458 
 308.026 
 308.465 
 308.468 
 308.402 
 307.952 
 308.484 
 308.548 
 308.525 
 308.318 
 308.401 
 308.713 
 308.344 
 308.034 
 307.913 
 308.381 
 308.602 
 307.367 
 308.147 
 308.253 
 308.288 
 307.794 
 308.249 
 308.59 
 308.099 
 307.554 
 308.043 
 308.258 
 307.932 
 307.518 
 307.884 
 308.233 
 308.022 
 307.486 
 308.327 
 308.427 
 308.316 
 307.923 
 307.478 
 308.429 
 307.9 
 307.092 
 307.822 
 307.746 
 307.915 
 307.648 
 307.046 
 307.373 
 307.318 
 306.697 
 306.643 
 306.935 
 306.847 
 307.528 
 307.158 
 306.394 
 306.798 
 306.466 
 306.446 
 306.412 
 306.651 
 306.077 
 305.918 
 306.309 
 306.348 
 306.652 
 306.243 
 306.455 
 306.332 
 306.649 
 306.275 
 306.146 
 306.152 
 306.098 
 306.254 
 306.278 
 306.356 
 305.78 
 306.526 
 306.031 
 305.991 
 305.992 
 306.109 
 306.087 
 305.623 
 305.858 
 305.945 
 306.036 
 305.855 
 305.819 
 306.304 
 306.177 
 306.063 
 305.915 
 306.357 
 306.641 
 306.822 
 307.484 
 307.612 
 307.754 
 307.305 
 307.555 
 307.571 
 308.223 
 308.318 
 308.093 
 307.8 
 307.732 
 308.417 
 308.516 
 307.905 
 307.316 
 307.819 
 308.26 
 307.972 
 307.793 
 307.652 
 307.842 
 307.824 
 307.852 
 307.47 
 307.977 
 307.827 
 308.141 
 308.123 
 307.738 
 308.147 
 307.841 
 307.985 
 307.692 
 307.546 
 307.517 
 307.945 
 307.147 
 306.75 
 307.018 
 307.617 
 307.647 
 307.325 
 306.934 
 307.419 
 307.83 
 307.236 
 306.916 
 306.563 
 306.643 
 306.549 
 306.36 
 306.153 
 306.492 
 306.19 
 305.578 
 305.739 
 305.478 
 305.486 
 305.142 
 305.439 
 304.907 
 305.235 
 305.205 
 305.317 
 305.024 
 304.819 
 304.879 
 304.429 
 304.123 
 304.201 
 304.001 
 303.845 
 303.564 
 303.502 
 303.46 
 303.288 
 302.916 
 303.002 
 303.336 
 302.952 
 303.459 
 303.392 
 303.879 
 304.067 
 303.854 
 304.139 
 304.465 
 304.621 
 304.709 
 304.713 
 304.877 
 304.547 
 305.287 
 305.621 
 306.326 
 306.806 
 307.227 
 307.246 
 307.089 
 306.951 
 307.165 
 307.399 
 307.098 
 306.748 
 306.177 
 306.727 
 307.22 
 307.481 
 307.266 
 306.504 
 306.991 
 307.341 
 307.37 
 307.407 
 307.243 
 306.888 
 307.393 
 307.584 
 307.555 
 307.381 
 307.241 
 307.704 
 307.878 
 307.844 
 307.583 
 307.663 
 307.907 
 308.252 
 308.169 
 308.137 
 307.724 
 307.039 
 307.591 
 307.849 
 307.579 
 307.189 
 307.585 
 307.483 
 307.506 
 307.055 
 307.042 
 307.188 
 306.926 
 306.162 
 306.236 
 305.78 
 305.995 
 306.177 
 306.073 
 306.024 
 306.008 
 306.152 
 306.4 
 306.04 
 306.145 
 305.726 
 305.597 
 305.021 
 304.809 
 304.697 
 304.578 
 305.083 
 305.505 
 305.173 
 305.303 
 305.174 
 305.779 
 305.207 
 305.783 
 305.617 
 305.536 
 305.917 
 305.404 
 305.757 
 305.337 
 305.967 
 305.711 
 305.867 
 306.009 
 305.961 
 305.828 
 306.072 
 306.365 
 306.045 
 306.107 
 306.589 
 306.644 
 306.717 
 306.461 
 306.492 
 307.713 
 308.024 
 307.714 
 307.491 
 307.505 
 307.915 
 307.915 
 307.362 
 307.206 
 306.889 
 307.083 
 306.742 
 306.984 
 307.587 
 307.119 
 306.709 
 306.847 
 306.904 
 307.228 
 307.751 
 307.879 
 307.507 
 307.29 
 307.356 
 307.518 
 307.642 
 308.183 
 307.631 
 307.915 
 307.657 
 307.75 
 307.779 
 307.345 
 307.896 
 307.843 
 307.3 
 307.181 
 307.226 
 307.039 
 307.025 
 307.823 
 307.925 
 307.811 
 307.09 
 307.083 
 307.174 
 306.736 
 306.807 
 306.855 
 306.602 
 306.667 
 306.826 
 306.593 
 307.384 
 306.962 
 306.549 
 306.835 
 306.632 
 306.61 
 306.655 
 306.146 
 305.554 
 305.506 
 305.061 
 304.851 
 304.771 
 305.08 
 305.559 
 305.547 
 305.234 
 305.168 
 304.998 
 304.675 
 304.537 
 304.144 
 305.673 
 306.276 
 306.955 
 306.794 
 307.687 
 307.646 
 307.643 
 306.906 
 307.15 
 307.127 
 307.186 
 307.521 
 307.442 
 306.868 
 307.307 
 306.947 
 307.642 
 308.369 
 310.637 
 308.946 
 307.833 
 308.624 
 308.564 
 308.148 
 308.536 
 308.239 
 308.544 
 308.605 
 307.958 
 307.957 
 308.038 
 308.285 
 309.032 
 308.518 
 308.505 
 308.497 
 309.209 
 309.222 
 308.978 
 309.06 
 309.042 
 309.485 
 309.654 
 309.617 
 309.765 
 309.57 
 309.389 
 310.128 
 310.136 
 309.738 
 309.914 
 309.914 
 310.514 
 310.229 
 309.845 
 309.888 
 310.498 
 310.603 
 309.91 
 309.53 
 310.157 
 309.86 
 309.786 
 309.687 
 308.65 
 308.333 
 308.323 
 307.977 
 307.88 
 307.337 
 306.828 
 307.025 
 307.063 
 306.732 
 306.993 
 306.475 
 306.959 
 306.659 
 307.019 
 306.948 
 306.368 
 306.485 
 306.592 
 306.433 
 306.14 
 306.399 
 288.37 
 269.559 
 250.17 
 232.793 
 219.876 
 210.308 
 202.568 
 196.537 
 191.933 
 161.911 
 137.122 
 118.18 
 102.727 
 90.516 
 80.506 
 72.417 
 65.571 
 59.99 
 55.405 
 51.555 
 48.262 
 45.576 
 43.327 
 41.475 
 39.913 
 38.556 
 37.475 
 36.548 
 35.759 
 35.199 
 34.685 
 34.365 
 34.133 
 33.874 
 33.746 
 33.639 
 33.582 
 33.465 
 33.445 
 33.381 
 33.319 
 33.305 
 33.296 
 33.218 
 33.309 
 33.215 
 33.203 
 33.217 
 33.188 
 33.173 
 33.166 
 33.151 
 33.151 
 33.126 
 33.123 
 33.077 
 33.101 
 33.07 
 33.058 
 33.086 
 33.043 
 33.044 
 33.075 
 32.971 
 32.968 
 33.011 
 32.961 
 32.91 
 32.902 
 32.908 
 32.853 
 32.864 
 32.846 
 32.852 
 32.786 
 32.798 
 32.817 
 32.826 
 32.519 
 32.164 
 32.203 
 32.204 
 32.204 
 32.095 
 32.057 
 32.054 
 32.014 
 32.022 
 32.042 
 32.045 
 32.131 
 32.077 
 30.999 
 29.888 
 28.979 
 28.106 
 27.312 
 26.535 
 25.937 
 25.38 
 24.785 
 24.307 
 23.948 
 23.608 
 23.226 
 22.947 
 22.76 
 22.505 
 22.333 
 22.141 
 21.966 
 21.748 
 21.653 
 21.651 
 21.543 
 21.445 
 21.335 
 21.258 
 21.151 
 21.023 
 20.925 
 20.946 
 20.842 
 20.792 
 20.704 
 20.67 
 20.606 
 20.575 
 20.476 
 20.465 
 20.48 
 20.34 
 20.355 
 20.386 
 20.255 
 20.285 
 20.269 
 20.254 
 20.235 
 20.172 
 20.169 
 20.156 
 20.162 
 20.074 
 20.096 
 20.108 
 20.012 
 20.027 
 20.039 
 20.048 
 19.991 
 19.959 
 19.951 
 19.966 
 19.854 
 19.922 
 19.894 
 19.919 
 19.785 
 19.852 
 19.834 
 19.789 
 19.791 
 19.773 
 19.78 
 19.683 
 19.701 
 19.716 
 19.676 
 19.627 
 19.641 
 19.599 
 19.599 
 19.59 
 19.531 
 19.533 
 19.533 
 19.421 
 19.481 
 19.454 
 19.439 
 19.355 
 19.391 
 19.388 
 19.388 
 19.273 
 19.273 
 19.3 
 19.303 
 19.293 
 19.222 
 19.234 
 19.246 
 19.233 
 19.224 
 19.208 
 19.199 
 19.187 
 19.117 
 19.08 
 19.09 
 19.08 
 19.071 
 19.117 
 19.136 
 19.129 
 19.139 
 19.129 
 19.026 
 19.051 
 19.045 
 19.058 
 19.033 
 19.017 
 19.033 
 19.03 
 19.037 
 19.072 
 19.047 
 19.069 
 19.079 
 19.082 
 19.069 
 19.079 
 19.082 
 19.054 
 19.079 
 19.06 
 19.098 
 19.057 
 19.06 
 18.978 
 18.963 
 18.97 
 18.954 
 18.96 
 19.015 
 19.025 
 18.99 
 19.003 
 19.022 
 19.009 
 18.922 
 18.909 
 18.906 
 18.916 
 18.891 
 18.881 
 18.916 
 18.954 
 18.943 
 18.974 
 18.927 
 18.94 
 18.849 
 18.849 
 18.854 
 18.905 
 18.805 
 18.808 
 18.802 
 18.822 
 18.832 
 18.866 
 18.835 
 18.808 
 18.739 
 18.729 
 18.8 
 18.803 
 18.788 
 18.724 
 18.694 
 18.685 
 18.727 
 18.743 
 18.715 
 18.709 
 18.699 
 18.712 
 18.699 
 18.703 
 18.687 
 18.715 
 18.709 
 18.724 
 18.706 
 18.734 
 18.712 
 18.715 
 18.709 
 18.731 
 18.709 
 18.718 
 18.673 
 18.744 
 18.728 
 18.744 
 18.698 
 18.782 
 18.779 
 18.776 
 18.776 
 18.759 
 18.714 
 18.845 
 18.839 
 18.836 
 18.842 
 18.87 
 18.861 
 18.855 
 18.883 
 18.858 
 18.771 
 18.793 
 18.789 
 18.842 
 18.822 
 18.808 
 18.777 
 18.799 
 18.771 
 18.777 
 18.777 
 18.764 
 18.764 
 18.761 
 18.798 
 18.788 
 18.785 
 18.801 
 18.788 
 18.766 
 18.76 
 18.701 
 18.67 
 18.679 
 18.695 
 18.728 
 18.719 
 18.734 
 18.698 
 18.637 
 18.607 
 18.594 
 18.597 
 18.649 
 18.577 
 18.553 
 18.556 
 18.596 
 18.539 
 18.524 
 18.542 
 18.552 
 18.461 
 18.461 
 18.466 
 18.482 
 18.373 
 18.382 
 18.388 
 18.444 
 18.377 
 18.344 
 18.35 
 18.362 
 18.299 
 18.268 
 18.278 
 18.32 
 18.314 
 18.302 
 18.305 
 18.314 
 18.337 
 18.308 
 18.359 
 18.288 
 18.379 
 18.423 
 18.47 
 18.461 
 18.527 
 18.569 
 18.577 
 18.545 
 18.677 
 18.661 
 18.688 
 18.678 
 18.712 
 18.767 
 18.744 
 18.79 
 18.797 
 18.891 
 18.82 
 18.864 
 18.739 
 17.557 
 17.28 
 17.317 
 17.452 
 17.622 
 17.722 
 17.895 
 17.998 
 18.114 
 18.143 
 18.295 
 18.393 
 18.489 
 18.516 
 18.586 
 18.694 
 18.693 
 18.745 
 18.773 
 18.847 
 18.794 
 18.858 
 18.912 
 18.831 
 18.879 
 18.911 
 18.873 
 18.858 
 18.853 
 18.895 
 18.908 
 18.874 
 18.874 
 18.93 
 18.892 
 18.877 
 18.94 
 18.952 
 18.901 
 18.892 
 18.877 
 18.855 
 18.855 
 18.84 
 18.836 
 18.864 
 18.913 
 18.907 
 18.913 
 18.826 
 18.804 
 18.789 
 18.846 
 18.838 
 18.804 
 18.732 
 18.754 
 18.79 
 18.716 
 18.694 
 18.709 
 18.709 
 18.734 
 18.746 
 18.709 
 18.64 
 18.646 
 18.744 
 18.927 
 19.089 
 19.156 
 19.209 
 19.267 
 19.317 
 19.423 
 19.433 
 19.481 
 19.496 
 19.594 
 19.481 
 19.187 
 19.169 
 17.926 
 17.022 
 16.325 
 15.995 
 15.857 
 15.86 
 15.962 
 16.489 
 17.16 
 17.608 
 17.997 
 18.236 
 18.614 
 18.815 
 19.047 
 19.238 
 19.421 
 19.563 
 19.666 
 19.776 
 19.909 
 19.933 
 19.989 
 20.061 
 20.083 
 20.12 
 20.164 
 20.218 
 20.185 
 20.192 
 20.214 
 20.239 
 20.251 
 20.205 
 20.207 
 20.27 
 20.308 
 20.279 
 20.323 
 20.317 
 20.314 
 20.323 
 20.353 
 20.371 
 20.352 
 20.339 
 20.302 
 20.303 
 20.328 
 20.291 
 20.309 
 20.297 
 20.375 
 20.378 
 20.393 
 20.375 
 20.371 
 20.355 
 20.324 
 20.329 
 20.313 
 20.313 
 20.297 
 20.316 
 20.307 
 20.316 
 20.408 
 20.402 
 20.319 
 20.353 
 20.435 
 20.422 
 20.435 
 20.4 
 20.389 
 20.38 
 20.395 
 20.482 
 20.472 
 20.433 
 20.443 
 20.521 
 20.456 
 20.584 
 20.513 
 20.538 
 20.56 
 20.608 
 20.644 
 20.674 
 20.258 
 20.937 
 22.021 
 48.264 
 58.531 
 85.11 
 106.603 
 92.615 
 83.076 
 75.013 
 68.21 
 62.187 
 56.973 
 52.574 
 48.692 
 45.248 
 42.372 
 39.779 
 37.523 
 35.595 
 33.89 
 32.358 
 31.03 
 29.925 
 28.882 
 27.991 
 27.158 
 26.426 
 25.829 
 25.253 
 24.768 
 24.362 
 24.013 
 23.7 
 23.441 
 23.203 
 22.997 
 22.78 
 22.616 
 22.507 
 22.356 
 22.236 
 22.161 
 22.044 
 21.998 
 21.947 
 21.894 
 21.825 
 21.79 
 21.704 
 21.665 
 21.636 
 21.634 
 21.554 
 21.532 
 21.514 
 21.522 
 21.455 
 21.425 
 21.416 
 21.401 
 21.403 
 21.349 
 21.351 
 21.376 
 21.35 
 21.36 
 21.331 
 21.341 
 21.341 
 21.328 
 21.316 
 21.325 
 21.328 
 21.328 
 21.36 
 21.283 
 21.293 
 21.324 
 21.296 
 21.331 
 21.283 
 21.196 
 21.223 
 21.132 
 21.157 
 21.172 
 21.107 
 21.078 
 21.091 
 21.112 
 21.034 
 21.06 
 21.083 
 21.012 
 21.031 
 21.042 
 21.084 
 21.042 
 21.013 
 21.091 
 21.022 
 21.02 
 21.015 
 20.995 
 20.913 
 20.957 
 20.996 
 20.955 
 20.943 
 21.019 
 20.925 
 20.943 
 20.987 
 20.984 
 20.958 
 21.025 
 20.966 
 21.007 
 21.024 
 21.034 
 21.022 
 21.026 
 20.998 
 21.084 
 21.052 
 21.023 
 21.075 
 21.101 
 21.132 
 21.132 
 21.208 
 21.195 
 21.242 
 21.296 
 21.327 
 21.314 
 21.413 
 21.413 
 21.393 
 21.51 
 21.479 
 21.527 
 21.533 
 21.542 
 21.552 
 21.577 
 21.583 
 21.605 
 21.633 
 21.636 
 21.617 
 21.646 
 21.658 
 21.646 
 21.666 
 21.623 
 21.642 
 21.665 
 21.643 
 21.69 
 21.688 
 21.649 
 21.661 
 21.637 
 21.61 
 21.617 
 21.598 
 21.598 
 21.62 
 21.614 
 21.625 
 21.604 
 21.614 
 21.629 
 21.647 
 21.595 
 21.513 
 21.45 
 21.428 
 21.358 
 21.342 
 21.26 
 21.294 
 21.244 
 21.175 
 21.15 
 21.147 
 21.154 
 21.116 
 21.115 
 21.108 
 20.682 
 20.156 
 20.731 
 21.639 
 21.981 
 55.546 
 63.911 
 59.102 
 70.404 
 64.69 
