The Collection Interval for this data is: 15 minutes
 23.407 
 24.122 
 61.791 
 96.954 
 128.237 
 160.563 
 189.3 
 211.824 
 229.45 
 243.438 
 254.297 
 263.104 
 270.344 
 275.671 
 280.586 
 284.011 
 287.026 
 289.097 
 290.86 
 293.191 
 296.426 
 299.84 
 302.508 
 304.284 
 304.934 
 305.773 
 305.882 
 306.049 
 306.082 
 306.755 
 307.22 
 307.519 
 307.823 
 307.327 
 307.082 
 307.274 
 307.621 
 307.446 
 307.256 
 307.154 
 307.14 
 307.103 
 306.866 
 306.495 
 307.141 
 307.288 
 307.191 
 306.562 
 306.533 
 306.703 
 306.799 
 306.804 
 306.802 
 306.619 
 306.94 
 307.529 
 307.443 
 307.319 
 307.193 
 306.748 
 306.657 
 306.96 
 306.72 
 306.53 
 306.402 
 306.901 
 307.285 
 306.772 
 306.651 
 306.248 
 306.528 
 306.907 
 306.512 
 306.28 
 306.72 
 306.894 
 307.196 
 306.573 
 306.443 
 305.997 
 306.026 
 305.916 
 305.751 
 305.524 
 305.498 
 305.365 
 305.325 
 304.91 
 304.721 
 304.7 
 304.472 
 304.429 
 304.597 
 305.024 
 305.447 
 305.718 
 305.829 
 306.057 
 305.49 
 302.793 
 303.829 
 304.058 
 304.11 
 304.062 
 303.757 
 303.746 
 303.712 
 303.551 
 303.665 
 303.473 
 303.524 
 303.244 
 303.22 
 303.271 
 303.467 
 303.582 
 303.645 
 303.718 
 303.869 
 304.132 
 304.398 
 304.541 
 304.765 
 304.61 
 304.575 
 305.123 
 305.681 
 306.004 
 306.124 
 305.788 
 305.618 
 306.148 
 306.79 
 306.428 
 305.972 
 305.77 
 306.522 
 306.816 
 306.457 
 305.709 
 305.99 
 306.592 
 306.317 
 306.059 
 306.177 
 306.135 
 306.21 
 305.731 
 305.381 
 305.497 
 305.919 
 305.986 
 305.71 
 305.528 
 306.138 
 306.576 
 306.152 
 305.944 
 306.123 
 306.383 
 306.348 
 305.897 
 305.806 
 306.012 
 306.326 
 306.152 
 306.013 
 305.697 
 306.269 
 306.717 
 306.295 
 306.164 
 305.871 
 305.677 
 305.381 
 305.13 
 305.04 
 304.791 
 304.632 
 304.593 
 304.185 
 304.433 
 304.41 
 304.41 
 304.112 
 303.812 
 303.604 
 303.865 
 303.881 
 304.035 
 304.201 
 304.332 
 305.02 
 304.962 
 305.273 
 304.578 
 304.627 
 304.391 
 304.288 
 304.178 
 304.171 
 304.037 
 304.194 
 304.23 
 304.043 
 304.21 
 304.259 
 304.476 
 304.316 
 304.483 
 304.516 
 304.643 
 304.577 
 304.709 
 304.918 
 304.871 
 304.867 
 304.96 
 305.214 
 304.492 
 304.709 
 305.285 
 305.835 
 306.242 
 306.27 
 306.103 
 306.211 
 306.605 
 306.699 
 306.334 
 306.014 
 306.292 
 306.62 
 306.334 
 305.877 
 306.07 
 306.578 
 306.881 
 306.47 
 306.319 
 306.492 
 306.8 
 307.063 
 306.492 
 305.756 
 305.794 
 306.109 
 306.021 
 305.782 
 305.667 
 305.957 
 306.266 
 306.01 
 305.924 
 305.984 
 306.317 
 306.391 
 305.991 
 305.588 
 305.938 
 306.268 
 306.31 
 305.512 
 305.336 
 305.791 
 306.037 
 305.601 
 305.352 
 305.221 
 304.891 
 304.888 
 304.673 
 304.471 
 304.408 
 304.233 
 304.062 
 303.902 
 303.9 
 303.788 
 303.694 
 303.421 
 303.484 
 303.398 
 303.462 
 303.29 
 303.461 
 303.382 
 303.231 
 303.351 
 303.59 
 303.584 
 303.627 
 303.672 
 303.614 
 303.52 
 303.214 
 303.635 
 303.667 
 303.743 
 304 
 303.764 
 303.863 
 303.997 
 304.137 
 304.117 
 304.199 
 304.365 
 304.423 
 304.647 
 304.765 
 305.122 
 304.832 
 304.561 
 304.636 
 304.67 
 304.652 
 304.851 
 305.418 
 305.897 
 306.844 
 307.063 
 307.089 
 306.95 
 307.3 
 307.79 
 307.39 
 307.391 
 307.542 
 307.779 
 307.622 
 307.329 
 307.301 
 307.612 
 307.854 
 307.575 
 307.262 
 307.546 
 308.127 
 308.128 
 307.891 
 307.628 
 307.969 
 308.189 
 307.768 
 307.64 
 307.736 
 308.096 
 308.33 
 308.127 
 307.846 
 308.095 
 308.447 
 308.335 
 308.248 
 307.778 
 308.227 
 308.672 
 308.329 
 307.902 
 307.87 
 308.115 
 308.237 
 308.273 
 307.912 
 308.115 
 307.811 
 307.79 
 307.5 
 307.355 
 307.249 
 307.155 
 307.302 
 307.076 
 307.094 
 307.074 
 306.95 
 306.769 
 306.735 
 307.077 
 306.717 
 306.433 
 306.215 
 306.405 
 306.249 
 306.261 
 306.066 
 305.835 
 305.864 
 305.933 
 305.908 
 305.964 
 305.983 
 306.064 
 306.019 
 305.897 
 305.965 
 305.958 
 305.895 
 305.882 
 305.906 
 306.075 
 305.894 
 305.742 
 305.932 
 305.753 
 306.03 
 305.946 
 305.91 
 305.939 
 305.9 
 306.06 
 305.734 
 306.212 
 306.949 
 307.342 
 307.861 
 308.043 
 308.45 
 308.157 
 307.805 
 308.075 
 308.375 
 308.121 
 307.909 
 308.255 
 308.635 
 308.252 
 307.631 
 307.644 
 307.835 
 307.874 
 307.649 
 307.712 
 308.25 
 308.1 
 307.712 
 307.877 
 308.289 
 308.431 
 307.422 
 307.551 
 307.83 
 307.695 
 307.353 
 307.375 
 307.815 
 307.968 
 307.537 
 307.416 
 307.87 
 307.989 
 307.571 
 307.433 
 307.767 
 307.769 
 307.442 
 307.266 
 307.537 
 307.71 
 307.437 
 307.123 
 307.093 
 307.069 
 306.512 
 306.533 
 306.554 
 306.82 
 306.758 
 306.636 
 306.336 
 306.152 
 306.091 
 305.999 
 306.021 
 305.749 
 305.848 
 305.738 
 305.929 
 306.201 
 306.279 
 306.187 
 305.946 
 306.17 
 306.015 
 305.864 
 305.922 
 305.94 
 305.889 
 305.979 
 305.783 
 305.877 
 305.774 
 305.867 
 305.635 
 305.758 
 305.591 
 305.689 
 305.664 
 305.76 
 305.715 
 305.553 
 305.468 
 305.797 
 305.631 
 305.73 
 305.697 
 305.661 
 305.643 
 305.864 
 306.149 
 306.57 
 307.093 
 307.371 
 307.682 
 307.466 
 307.312 
 307.312 
 307.77 
 308.196 
 307.926 
 307.822 
 307.822 
 307.764 
 308.084 
 307.411 
 307.184 
 307.4 
 307.825 
 307.841 
 307.434 
 307.345 
 307.431 
 307.83 
 307.693 
 307.251 
 307.358 
 307.687 
 307.873 
 307.763 
 307.399 
 307.589 
 307.863 
 307.754 
 307.244 
 307.071 
 307.379 
 307.424 
 307.321 
 306.695 
 306.683 
 307.09 
 307.302 
 306.871 
 306.545 
 306.728 
 307.182 
 306.676 
 306.529 
 306.388 
 306.223 
 306.143 
 305.942 
 305.88 
 305.773 
 305.584 
 305.366 
 305.455 
 305.14 
 304.997 
 304.77 
 304.749 
 304.581 
 304.608 
 304.671 
 304.626 
 304.496 
 304.366 
 304.094 
 303.831 
 303.625 
 303.448 
 303.404 
 303.04 
 302.959 
 302.88 
 302.799 
 302.656 
 302.527 
 302.611 
 302.577 
 302.68 
 302.759 
 302.907 
 303.179 
 303.267 
 303.345 
 303.708 
 303.829 
 304.213 
 304.025 
 304.178 
 304.018 
 303.927 
 304.45 
 305.232 
 305.806 
 306.427 
 306.779 
 306.894 
 306.514 
 306.453 
 306.876 
 306.951 
 306.735 
 306.415 
 306.21 
 306.393 
 306.8 
 306.702 
 306.713 
 306.368 
 306.513 
 307.156 
 307.305 
 307.079 
 306.864 
 306.589 
 306.852 
 307.081 
 307.386 
 307.212 
 306.976 
 307.119 
 307.462 
 307.621 
 307.599 
 307.36 
 307.311 
 307.668 
 307.914 
 307.571 
 307.324 
 307.013 
 307.11 
 307.407 
 307.009 
 306.674 
 306.64 
 306.988 
 306.926 
 306.964 
 306.641 
 306.534 
 306.171 
 305.914 
 305.725 
 305.51 
 305.472 
 305.642 
 305.508 
 305.474 
 305.567 
 305.702 
 305.653 
 305.671 
 305.509 
 305.051 
 305.2 
 304.719 
 304.439 
 304.151 
 303.989 
 304.503 
 304.587 
 304.67 
 304.939 
 304.757 
 304.966 
 305.208 
 305.1 
 305.202 
 304.952 
 305.213 
 305.094 
 305.178 
 305.35 
 305.172 
 305.255 
 305.256 
 305.362 
 305.265 
 305.395 
 305.654 
 305.856 
 305.76 
 305.726 
 305.807 
 305.976 
 306.018 
 305.951 
 306.512 
 307.18 
 307.499 
 307.326 
 307.131 
 306.806 
 307.051 
 307.115 
 306.865 
 306.628 
 306.468 
 306.379 
 306.14 
 306.497 
 306.959 
 306.796 
 306.585 
 306.471 
 306.643 
 306.672 
 307.091 
 307.248 
 307.212 
 307.037 
 306.839 
 306.796 
 307.068 
 307.496 
 307.553 
 307.459 
 307.18 
 307.233 
 306.976 
 306.888 
 307.084 
 307.591 
 307.131 
 307.033 
 306.88 
 306.537 
 306.548 
 307.292 
 307.334 
 307.189 
 306.749 
 306.899 
 306.843 
 306.548 
 306.555 
 306.171 
 306.055 
 306.025 
 306.137 
 306.261 
 306.52 
 306.304 
 306.366 
 306.099 
 306.424 
 306.035 
 305.889 
 305.487 
 305.26 
 304.915 
 304.382 
 304.398 
 304.416 
 304.473 
 304.984 
 304.809 
 304.73 
 304.471 
 304.186 
 304.044 
 303.839 
 303.894 
 305.153 
 305.343 
 306.031 
 306.339 
 306.839 
 307.241 
 306.715 
 306.59 
 306.473 
 306.665 
 306.66 
 306.602 
 306.673 
 306.605 
 306.581 
 306.584 
 306.894 
 306.849 
 306.767 
 306.713 
 307.465 
 307.842 
 308.319 
 308.342 
 308.093 
 307.967 
 308.304 
 308.25 
 307.962 
 307.72 
 307.75 
 308.191 
 308.709 
 308.226 
 308.295 
 308.008 
 308.491 
 309.103 
 308.957 
 308.789 
 308.527 
 308.852 
 309.474 
 309.563 
 309.083 
 309.188 
 309.192 
 309.947 
 309.637 
 309.601 
 309.364 
 309.842 
 310.023 
 309.702 
 309.525 
 309.621 
 310.052 
 309.999 
 309.627 
 309.453 
 309.528 
 309.758 
 309.238 
 308.808 
 308.462 
 308.252 
 307.892 
 307.481 
 307.511 
 307.011 
 306.552 
 306.643 
 306.542 
 306.738 
 306.504 
 306.418 
 306.296 
 306.183 
 306.031 
 305.989 
 305.97 
 305.927 
 305.88 
 305.716 
 306.066 
 305.722 
 288.223 
 269.375 
 250.152 
 233.054 
 220.247 
 210.326 
 202.577 
 196.588 
 191.789 
 160.732 
 136.279 
 117.478 
 101.878 
 89.773 
 79.796 
 71.744 
 65.029 
 59.447 
 54.86 
 51.06 
 47.776 
 45.108 
 42.837 
 41.021 
 39.461 
 38.118 
 37.063 
 36.1 
 35.314 
 34.801 
 34.239 
 33.934 
 33.698 
 33.461 
 33.33 
 33.233 
 33.138 
 33.067 
 33.035 
 32.967 
 32.921 
 32.91 
 32.913 
 32.811 
 32.899 
 32.802 
 32.777 
 32.797 
 32.775 
 32.763 
 32.729 
 32.71 
 32.722 
 32.685 
 32.691 
 32.676 
 32.664 
 32.654 
 32.657 
 32.639 
 32.654 
 32.645 
 32.676 
 32.561 
 32.585 
 32.579 
 32.564 
 32.493 
 32.489 
 32.526 
 32.453 
 32.448 
 32.429 
 32.429 
 32.37 
 32.376 
 32.389 
 32.407 
 32.19 
 31.77 
 31.788 
 31.758 
 31.787 
 31.684 
 31.634 
 31.628 
 31.588 
 31.576 
 31.622 
 31.61 
 31.704 
 31.638 
 30.262 
 28.99 
 28.149 
 27.328 
 26.602 
 25.828 
 25.293 
 24.747 
 24.168 
 23.694 
 23.371 
 23.031 
 22.625 
 22.34 
 22.18 
 21.911 
 21.737 
 21.571 
 21.395 
 21.15 
 21.091 
 21.162 
 21.069 
 20.943 
 20.896 
 20.795 
 20.674 
 20.552 
 20.458 
 20.483 
 20.37 
 20.342 
 20.257 
 20.206 
 20.15 
 20.122 
 20 
 20.014 
 19.977 
 19.822 
 19.892 
 19.889 
 19.747 
 19.788 
 19.782 
 19.763 
 19.753 
 19.633 
 19.668 
 19.65 
 19.672 
 19.545 
 19.615 
 19.586 
 19.482 
 19.51 
 19.526 
 19.523 
 19.45 
 19.422 
 19.444 
 19.457 
 19.33 
 19.39 
 19.384 
 19.39 
 19.242 
 19.312 
 19.315 
 19.236 
 19.231 
 19.233 
 19.233 
 19.103 
 19.176 
 19.185 
 19.147 
 19.102 
 19.106 
 19.049 
 19.042 
 19.046 
 18.939 
 19.011 
 18.999 
 18.863 
 18.893 
 18.904 
 18.914 
 18.778 
 18.844 
 18.838 
 18.832 
 18.718 
 18.72 
 18.775 
 18.756 
 18.787 
 18.639 
 18.699 
 18.693 
 18.705 
 18.709 
 18.668 
 18.636 
 18.652 
 18.573 
 18.535 
 18.51 
 18.501 
 18.523 
 18.605 
 18.598 
 18.602 
 18.62 
 18.605 
 18.5 
 18.51 
 18.475 
 18.488 
 18.485 
 18.482 
 18.485 
 18.482 
 18.474 
 18.532 
 18.548 
 18.56 
 18.554 
 18.545 
 18.551 
 18.551 
 18.538 
 18.548 
 18.567 
 18.542 
 18.632 
 18.545 
 18.529 
 18.45 
 18.431 
 18.437 
 18.421 
 18.406 
 18.464 
 18.472 
 18.466 
 18.488 
 18.485 
 18.485 
 18.371 
 18.361 
 18.365 
 18.365 
 18.333 
 18.361 
 18.365 
 18.423 
 18.431 
 18.425 
 18.44 
 18.421 
 18.289 
 18.301 
 18.317 
 18.361 
 18.245 
 18.241 
 18.241 
 18.3 
 18.333 
 18.402 
 18.305 
 18.282 
 18.181 
 18.194 
 18.26 
 18.257 
 18.263 
 18.175 
 18.134 
 18.159 
 18.15 
 18.2 
 18.203 
 18.188 
 18.188 
 18.194 
 18.181 
 18.175 
 18.181 
 18.184 
 18.197 
 18.2 
 18.194 
 18.188 
 18.213 
 18.2 
 18.216 
 18.194 
 18.222 
 18.181 
 18.142 
 18.235 
 18.232 
 18.229 
 18.156 
 18.286 
 18.273 
 18.283 
 18.298 
 18.246 
 18.21 
 18.349 
 18.346 
 18.365 
 18.365 
 18.346 
 18.361 
 18.365 
 18.39 
 18.336 
 18.266 
 18.248 
 18.254 
 18.304 
 18.319 
 18.235 
 18.248 
 18.245 
 18.226 
 18.213 
 18.213 
 18.219 
 18.207 
 18.228 
 18.283 
 18.267 
 18.267 
 18.261 
 18.261 
 18.336 
 18.233 
 18.144 
 18.128 
 18.106 
 18.167 
 18.179 
 18.182 
 18.198 
 18.151 
 18.097 
 18.053 
 18.046 
 18.053 
 18.105 
 18.009 
 18.002 
 17.977 
 18.046 
 17.964 
 17.936 
 18.002 
 17.964 
 17.882 
 17.876 
 17.912 
 17.929 
 17.816 
 17.831 
 17.819 
 17.901 
 17.822 
 17.778 
 17.787 
 17.838 
 17.74 
 17.711 
 17.715 
 17.787 
 17.787 
 17.806 
 17.768 
 17.762 
 17.791 
 17.77 
 17.813 
 17.797 
 17.861 
 17.908 
 17.976 
 17.965 
 18.047 
 18.094 
 18.079 
 18.03 
 18.186 
 18.174 
 18.212 
 18.178 
 18.21 
 18.286 
 18.234 
 18.27 
 18.28 
 18.359 
 18.287 
 18.347 
 18.179 
 18.18 
 18.205 
 18.195 
 18.207 
 18.245 
 18.242 
 18.286 
 18.283 
 18.299 
 18.261 
 18.361 
 18.353 
 18.433 
 18.397 
 18.386 
 18.499 
 18.454 
 18.459 
 18.449 
 18.535 
 18.436 
 18.521 
 18.499 
 18.417 
 18.507 
 18.543 
 18.454 
 18.407 
 18.424 
 18.432 
 18.445 
 18.41 
 18.407 
 18.499 
 18.426 
 18.442 
 18.48 
 18.489 
 18.429 
 18.439 
 18.379 
 18.379 
 18.385 
 18.398 
 18.373 
 18.401 
 18.433 
 18.458 
 18.461 
 18.357 
 18.341 
 18.353 
 18.418 
 18.426 
 18.378 
 18.293 
 18.315 
 18.378 
 18.277 
 18.289 
 18.286 
 18.315 
 18.356 
 18.343 
 18.321 
 18.233 
 18.223 
 18.298 
 18.502 
 18.642 
 18.753 
 18.756 
 18.849 
 18.907 
 19.034 
 19.008 
 19.074 
 19.093 
 19.169 
 19.21 
 19.194 
 19.245 
 19.3 
 19.38 
 19.419 
 19.467 
 19.489 
 19.557 
 19.647 
 19.698 
 19.672 
 19.726 
 19.799 
 19.773 
 19.89 
 19.88 
 19.905 
 19.938 
 19.979 
 19.943 
 19.924 
 20.025 
 20.021 
 19.956 
 19.95 
 19.953 
 19.95 
 19.946 
 19.956 
 20.011 
 19.918 
 19.915 
 19.915 
 19.918 
 19.918 
 19.854 
 19.848 
 19.927 
 19.915 
 19.921 
 19.943 
 19.911 
 19.924 
 19.915 
 19.946 
 19.956 
 19.934 
 19.925 
 19.877 
 19.849 
 19.864 
 19.849 
 19.833 
 19.849 
 19.934 
 19.969 
 19.975 
 19.957 
 19.957 
 19.925 
 19.879 
 19.868 
 19.871 
 19.868 
 19.881 
 19.896 
 19.893 
 19.871 
 19.963 
 19.973 
 19.887 
 19.941 
 20.035 
 20.026 
 20.01 
 19.999 
 19.953 
 19.978 
 19.957 
 20.074 
 20.066 
 20.017 
 20.029 
 20.149 
 20.052 
 20.191 
 20.146 
 20.146 
 20.175 
 20.21 
 20.235 
 20.286 
 20.01 
 20.051 
 31.329 
 64.828 
 80.709 
 96.29 
 112.165 
 94.803 
 83.04 
 73.873 
 66.671 
 60.635 
 55.604 
 51.465 
 48.012 
 44.921 
 42.291 
 39.919 
 37.814 
 36.002 
 34.373 
 32.895 
 31.632 
 30.524 
 29.506 
 28.611 
 27.763 
 26.995 
 26.345 
 25.779 
 25.271 
 24.813 
 24.408 
 24.055 
 23.756 
 23.477 
 23.252 
 23.017 
 22.779 
 22.653 
 22.445 
 22.321 
 22.195 
 22.064 
 21.98 
 21.858 
 21.796 
 21.696 
 21.621 
 21.542 
 21.457 
 21.426 
 21.42 
 21.284 
 21.253 
 21.209 
 21.217 
 21.14 
 21.077 
 21.04 
 21.044 
 21.027 
 20.932 
 20.955 
 20.95 
 20.946 
 20.914 
 20.914 
 20.902 
 20.902 
 20.867 
 20.889 
 20.867 
 20.877 
 20.88 
 20.842 
 20.806 
 20.81 
 20.81 
 20.81 
 20.814 
 20.769 
 20.674 
 20.734 
 20.639 
 20.632 
 20.667 
 20.588 
 20.575 
 20.582 
 20.632 
 20.521 
 20.548 
 20.578 
 20.506 
 20.503 
 20.525 
 20.592 
 20.535 
 20.494 
 20.536 
 20.518 
 20.444 
 20.483 
 20.457 
 20.379 
 20.398 
 20.408 
 20.362 
 20.404 
 20.487 
 20.391 
 20.388 
 20.461 
 20.481 
 20.402 
 20.518 
 20.446 
 20.527 
 20.551 
 20.54 
 20.514 
 20.51 
 20.487 
 20.584 
 20.527 
 20.514 
 20.566 
 20.612 
 20.624 
 20.621 
 20.706 
 20.697 
 20.713 
 20.779 
 20.798 
 20.812 
 20.911 
 20.911 
 20.887 
 20.993 
 20.99 
 21.035 
 21.025 
 21.041 
 21.06 
 21.075 
 21.072 
 21.091 
 21.1 
 21.119 
 21.154 
 21.147 
 21.182 
 21.175 
 21.182 
 21.161 
 21.137 
 21.182 
 21.198 
 21.234 
 21.242 
 21.185 
 21.198 
 21.166 
 21.14 
 21.143 
 21.134 
 21.143 
 21.14 
 21.143 
 21.153 
 21.15 
 21.137 
 21.156 
 21.206 
 21.168 
 21.038 
 20.978 
 20.978 
 20.899 
 20.899 
 20.823 
 20.855 
 20.808 
 20.703 
 20.691 
 20.694 
 20.707 
 20.669 
 20.635 
 20.64 
 20.617 
 20.513 
 20.58 
 20.765 
 39.83 
 81.009 
 77.848 
 69.938 
 88.499 
 61.467 
