The Collection Interval for this data is: 15 minutes
 24.187 
 24.9 
 62.467 
 97.793 
 129.32 
 162.019 
 190.788 
 213.256 
 230.77 
 244.782 
 255.962 
 264.569 
 271.609 
 277.494 
 282.372 
 285.943 
 288.448 
 291.014 
 292.696 
 295.206 
 298.588 
 301.58 
 304.357 
 306.123 
 306.669 
 307.468 
 307.65 
 308.06 
 307.889 
 308.555 
 308.677 
 309.369 
 309.548 
 309.29 
 308.689 
 309.024 
 309.427 
 309.208 
 308.73 
 308.859 
 308.751 
 308.855 
 308.383 
 308.365 
 308.375 
 309.02 
 308.743 
 308.596 
 308.34 
 308.39 
 308.668 
 308.684 
 308.41 
 308.467 
 308.721 
 309.199 
 309.295 
 309.091 
 308.695 
 308.368 
 308.581 
 308.772 
 308.348 
 308.226 
 308.063 
 308.777 
 309.068 
 308.406 
 308.211 
 308.235 
 308.528 
 308.86 
 308.447 
 308.5 
 308.508 
 308.874 
 308.987 
 308.41 
 307.733 
 307.819 
 307.695 
 307.348 
 307.637 
 307.362 
 307.317 
 307.338 
 307.192 
 306.688 
 306.756 
 306.761 
 306.2 
 306.168 
 306.749 
 307.045 
 307.556 
 307.806 
 308.279 
 307.9 
 309.817 
 304.569 
 305.326 
 305.872 
 305.707 
 305.965 
 305.794 
 305.847 
 305.723 
 305.375 
 305.306 
 305.288 
 305.38 
 305.093 
 305.175 
 305.231 
 305.219 
 305.357 
 305.107 
 305.263 
 305.392 
 305.747 
 305.959 
 306.195 
 306.368 
 306.391 
 306.528 
 306.887 
 307.124 
 307.485 
 308.05 
 307.581 
 307.175 
 307.679 
 308.393 
 308.202 
 307.593 
 307.406 
 308.039 
 308.288 
 307.835 
 307.002 
 307.416 
 307.998 
 307.847 
 307.634 
 307.445 
 307.476 
 307.694 
 307.14 
 306.902 
 306.952 
 307.534 
 307.381 
 307.115 
 306.842 
 307.184 
 308.003 
 307.585 
 307.357 
 307.172 
 307.761 
 307.854 
 307.443 
 306.845 
 307.339 
 307.75 
 307.868 
 307.569 
 307.359 
 308.06 
 308.174 
 307.543 
 307.489 
 307.012 
 306.906 
 306.791 
 306.706 
 306.357 
 306.465 
 306.108 
 306.119 
 305.791 
 306.19 
 305.753 
 305.92 
 305.118 
 305.25 
 305.301 
 305.143 
 305.362 
 305.645 
 305.618 
 305.999 
 306.117 
 306.484 
 306.566 
 306.144 
 305.873 
 305.671 
 305.795 
 305.619 
 305.666 
 305.7 
 305.856 
 305.814 
 305.784 
 305.711 
 305.777 
 305.729 
 305.755 
 305.787 
 306.067 
 305.992 
 306.182 
 305.945 
 306.213 
 306.279 
 306.093 
 306.469 
 306.286 
 306.234 
 306.246 
 306.805 
 307.162 
 307.654 
 307.656 
 307.389 
 307.344 
 307.775 
 308.038 
 307.778 
 307.418 
 307.411 
 308.119 
 307.622 
 307.399 
 307.338 
 307.95 
 307.982 
 307.943 
 307.419 
 307.764 
 308.18 
 308.357 
 307.71 
 307.124 
 307.347 
 307.565 
 307.409 
 307.235 
 307.12 
 307.604 
 307.886 
 307.643 
 307.138 
 307.235 
 307.665 
 307.824 
 307.622 
 307.383 
 307.42 
 307.794 
 307.532 
 307.165 
 306.896 
 307.361 
 307.564 
 307.025 
 306.528 
 306.654 
 306.485 
 306.186 
 306.123 
 306.198 
 305.84 
 305.732 
 305.42 
 305.189 
 305.172 
 305.302 
 305.358 
 305.15 
 304.832 
 305.022 
 304.997 
 305.014 
 305.064 
 305.015 
 304.909 
 305.138 
 305.087 
 305.606 
 305.512 
 305.265 
 305.304 
 304.876 
 305.015 
 304.96 
 305.407 
 305.117 
 305.466 
 305.448 
 305.71 
 305.693 
 305.837 
 305.747 
 305.888 
 305.942 
 306.096 
 306.226 
 306.208 
 306.611 
 306.442 
 305.969 
 306.229 
 306.314 
 306.178 
 306.399 
 307.165 
 307.303 
 308.271 
 308.447 
 308.831 
 308.424 
 308.899 
 309.404 
 308.874 
 308.753 
 308.849 
 309.206 
 309.078 
 308.86 
 308.772 
 309.041 
 309.329 
 309.006 
 308.925 
 308.861 
 309.632 
 309.53 
 309.274 
 309.106 
 309.46 
 309.731 
 309.279 
 309.219 
 308.929 
 309.642 
 309.991 
 309.604 
 309.363 
 309.582 
 309.884 
 309.713 
 309.664 
 309.218 
 309.896 
 310.304 
 309.669 
 309.309 
 309.203 
 309.699 
 309.798 
 309.696 
 309.329 
 309.353 
 309.476 
 309.083 
 308.722 
 308.81 
 308.879 
 308.765 
 308.439 
 308.495 
 308.784 
 308.466 
 308.509 
 308.35 
 308.175 
 308.32 
 308.025 
 307.831 
 307.891 
 307.646 
 307.444 
 307.683 
 307.706 
 307.681 
 307.421 
 307.607 
 307.709 
 307.595 
 307.464 
 307.409 
 307.235 
 307.477 
 307.573 
 307.304 
 307.587 
 307.415 
 307.52 
 307.485 
 307.464 
 307.519 
 307.164 
 307.379 
 307.382 
 307.472 
 307.761 
 307.658 
 307.547 
 307.7 
 307.459 
 307.787 
 308.332 
 308.696 
 309.089 
 309.527 
 310.059 
 309.395 
 309.354 
 309.375 
 309.868 
 309.689 
 309.456 
 309.797 
 310.167 
 309.732 
 308.981 
 309.347 
 309.721 
 309.543 
 309.153 
 309.012 
 309.819 
 309.66 
 309.409 
 309.291 
 309.888 
 309.956 
 309.242 
 309.031 
 309.398 
 309.367 
 308.722 
 308.694 
 309.058 
 309.408 
 308.852 
 309.001 
 309.31 
 309.289 
 308.834 
 308.777 
 308.946 
 309.37 
 308.979 
 308.788 
 309.202 
 309.535 
 309.061 
 308.732 
 308.572 
 308.61 
 308.128 
 308.125 
 308.031 
 308.332 
 308.41 
 308.215 
 308.108 
 308.151 
 307.562 
 307.631 
 307.575 
 307.536 
 307.21 
 307.341 
 307.577 
 307.773 
 307.691 
 307.671 
 307.789 
 307.627 
 307.664 
 307.577 
 307.559 
 307.429 
 307.42 
 307.613 
 307.276 
 307.343 
 307.448 
 307.3 
 307.215 
 307.47 
 307.193 
 307.521 
 307.497 
 307.123 
 307.214 
 307.057 
 307.072 
 307.295 
 306.976 
 307.229 
 307.132 
 307.078 
 307.319 
 307.464 
 307.769 
 308.274 
 308.57 
 309.018 
 309.35 
 308.958 
 308.62 
 308.718 
 309.378 
 309.758 
 309.431 
 309.373 
 309.154 
 309.346 
 309.418 
 309.127 
 308.663 
 309.014 
 309.484 
 309.424 
 309.313 
 308.736 
 309.037 
 309.499 
 308.96 
 308.814 
 309.019 
 309.288 
 309.601 
 309.188 
 309.024 
 309.282 
 309.564 
 309.161 
 308.88 
 308.64 
 308.803 
 309.091 
 309.032 
 308.292 
 308.399 
 308.808 
 309.054 
 308.542 
 308.235 
 308.556 
 308.783 
 308.289 
 308.256 
 308.086 
 307.955 
 307.906 
 307.648 
 307.522 
 307.642 
 307.321 
 306.963 
 306.783 
 306.733 
 306.666 
 306.626 
 306.374 
 306.243 
 306.421 
 306.249 
 306.179 
 306.373 
 306.233 
 305.541 
 305.818 
 305.677 
 305.222 
 305.155 
 304.808 
 304.774 
 304.686 
 304.492 
 304.459 
 304.497 
 304.419 
 304.478 
 304.548 
 304.455 
 304.54 
 305.069 
 305.223 
 305.44 
 305.358 
 305.843 
 305.824 
 305.579 
 306.179 
 305.943 
 305.788 
 306.328 
 306.946 
 307.598 
 307.969 
 308.525 
 308.594 
 308.223 
 308.126 
 308.534 
 308.762 
 308.324 
 308.043 
 307.676 
 308.02 
 308.431 
 308.314 
 308.311 
 308.132 
 307.723 
 308.756 
 308.963 
 308.843 
 308.376 
 308.321 
 308.303 
 308.925 
 308.899 
 308.607 
 308.854 
 308.833 
 309.469 
 309.396 
 309.153 
 309.208 
 309.106 
 309.383 
 309.732 
 309.241 
 308.751 
 308.454 
 309.027 
 308.909 
 308.561 
 308.409 
 308.337 
 308.412 
 308.588 
 308.202 
 308.47 
 308.102 
 307.79 
 307.633 
 307.389 
 307.103 
 307.272 
 307.279 
 307.419 
 307.125 
 307.15 
 307.168 
 307.42 
 307.434 
 306.963 
 306.877 
 306.928 
 306.412 
 306.388 
 305.899 
 305.874 
 306.223 
 306.25 
 306.628 
 306.453 
 306.757 
 306.917 
 306.791 
 306.713 
 307.083 
 306.77 
 306.805 
 306.864 
 307.022 
 306.966 
 306.826 
 307.023 
 306.93 
 307.174 
 307.068 
 307.285 
 307.21 
 307.297 
 307.568 
 307.543 
 307.436 
 307.7 
 307.887 
 307.764 
 308.254 
 308.642 
 309.073 
 308.902 
 308.751 
 308.236 
 308.521 
 308.815 
 308.428 
 308.366 
 308.314 
 308.146 
 307.606 
 308.141 
 308.761 
 308.519 
 308.197 
 308.313 
 308.213 
 308.496 
 308.886 
 308.698 
 308.611 
 308.594 
 308.573 
 308.619 
 308.591 
 309.576 
 309.12 
 309.089 
 308.77 
 309.045 
 308.405 
 308.387 
 308.657 
 309.069 
 309.13 
 308.762 
 308.472 
 308.321 
 308.199 
 308.684 
 309.03 
 308.861 
 308.379 
 308.538 
 308.419 
 308.395 
 308.066 
 307.975 
 307.668 
 307.844 
 307.962 
 307.977 
 307.997 
 308.02 
 307.962 
 307.726 
 308.044 
 307.772 
 307.413 
 307.441 
 307.198 
 306.745 
 306.259 
 306.02 
 306.049 
 305.965 
 306.822 
 306.574 
 306.441 
 306.407 
 306.028 
 305.724 
 305.628 
 305.734 
 306.832 
 307.393 
 307.662 
 308.224 
 308.451 
 308.953 
 308.391 
 308.275 
 308.2 
 308.472 
 308.306 
 308.427 
 308.335 
 310.898 
 311.15 
 311.227 
 311.353 
 311.354 
 311.202 
 311.359 
 311.754 
 312.405 
 312.774 
 312.599 
 311.769 
 309.808 
 310.02 
 310.042 
 309.589 
 309.444 
 309.492 
 309.917 
 310.312 
 309.897 
 309.74 
 309.568 
 310.194 
 310.716 
 310.514 
 310.355 
 310.332 
 310.304 
 311.007 
 311.267 
 310.843 
 310.632 
 311.099 
 311.51 
 311.203 
 311.337 
 311.01 
 311.364 
 311.801 
 311.323 
 311.351 
 311.157 
 311.598 
 311.505 
 311.264 
 311.213 
 311.478 
 311.312 
 310.985 
 310.412 
 310.194 
 310.032 
 309.396 
 309.034 
 309.169 
 308.772 
 308.383 
 308.204 
 308.38 
 308.385 
 308.069 
 308.284 
 308.074 
 308.127 
 307.903 
 307.775 
 307.749 
 307.447 
 307.901 
 307.766 
 307.714 
 307.557 
 289.619 
 270.516 
 251.159 
 233.871 
 221.114 
 211.111 
 203.38 
 197.492 
 192.768 
 161.897 
 137.347 
 118.491 
 103.149 
 90.9 
 80.868 
 72.825 
 65.976 
 60.355 
 55.742 
 51.948 
 48.655 
 45.97 
 43.675 
 41.843 
 40.292 
 38.948 
 37.861 
 36.903 
 36.114 
 35.459 
 35.059 
 34.739 
 34.411 
 34.269 
 34.036 
 34.009 
 33.918 
 33.745 
 33.725 
 33.711 
 33.597 
 33.57 
 33.626 
 33.562 
 33.639 
 33.584 
 33.463 
 33.537 
 33.492 
 33.473 
 33.48 
 33.427 
 33.52 
 33.399 
 33.452 
 33.384 
 33.35 
 33.433 
 33.427 
 33.374 
 33.399 
 33.364 
 33.365 
 33.287 
 33.346 
 33.265 
 33.259 
 33.159 
 33.196 
 33.175 
 33.127 
 33.233 
 33.23 
 33.217 
 33.08 
 33.118 
 33.102 
 33.183 
 32.887 
 32.484 
 32.576 
 32.495 
 32.541 
 32.392 
 32.416 
 32.388 
 32.398 
 32.355 
 32.411 
 32.38 
 32.417 
 32.383 
 31.225 
 30.111 
 29.17 
 28.253 
 27.36 
 26.52 
 25.959 
 25.356 
 24.734 
 24.274 
 23.876 
 23.652 
 23.273 
 22.945 
 22.848 
 22.612 
 22.47 
 22.26 
 22.077 
 21.849 
 21.757 
 21.826 
 21.659 
 21.583 
 21.502 
 21.452 
 21.296 
 21.233 
 21.093 
 21.146 
 20.973 
 20.97 
 20.913 
 20.855 
 20.772 
 20.787 
 20.758 
 20.708 
 20.662 
 20.618 
 20.57 
 20.642 
 20.471 
 20.573 
 20.579 
 20.454 
 20.46 
 20.457 
 20.4 
 20.425 
 20.372 
 20.362 
 20.336 
 20.415 
 20.274 
 20.36 
 20.351 
 20.314 
 20.19 
 20.276 
 20.21 
 20.238 
 20.104 
 20.225 
 20.262 
 20.194 
 20.053 
 20.13 
 20.083 
 20.022 
 20.001 
 20.054 
 20.017 
 20.005 
 20.025 
 19.922 
 19.921 
 19.872 
 19.868 
 19.822 
 19.918 
 19.805 
 19.751 
 19.764 
 19.826 
 19.765 
 19.682 
 19.76 
 19.757 
 19.629 
 19.697 
 19.59 
 19.689 
 19.485 
 19.495 
 19.584 
 19.527 
 19.605 
 19.519 
 19.46 
 19.511 
 19.458 
 19.542 
 19.448 
 19.472 
 19.437 
 19.466 
 19.321 
 19.408 
 19.365 
 19.327 
 19.441 
 19.441 
 19.457 
 19.363 
 19.366 
 19.279 
 19.303 
 19.261 
 19.323 
 19.27 
 19.355 
 19.361 
 19.292 
 19.312 
 19.303 
 19.328 
 19.331 
 19.391 
 19.3 
 19.344 
 19.281 
 19.356 
 19.353 
 19.284 
 19.394 
 19.37 
 19.391 
 19.28 
 19.227 
 19.203 
 19.226 
 19.21 
 19.21 
 19.293 
 19.246 
 19.206 
 19.315 
 19.243 
 19.218 
 19.153 
 19.137 
 19.241 
 19.237 
 19.172 
 19.134 
 19.147 
 19.155 
 19.227 
 19.236 
 19.164 
 19.192 
 19.14 
 19.159 
 19.186 
 19.198 
 19.083 
 19.014 
 19.117 
 19.002 
 19.057 
 19.15 
 19.103 
 19.012 
 19.048 
 18.945 
 18.981 
 19.009 
 19.068 
 19.029 
 18.966 
 18.878 
 18.978 
 19.011 
 19.002 
 18.918 
 18.896 
 19.002 
 18.905 
 18.943 
 18.911 
 18.968 
 18.914 
 18.977 
 18.989 
 19.005 
 18.949 
 18.98 
 18.914 
 19.018 
 19.018 
 18.927 
 18.864 
 19.031 
 19.031 
 18.953 
 18.976 
 19.1 
 18.988 
 19.085 
 19.041 
 19.027 
 19.005 
 19.145 
 19.045 
 19.051 
 19.045 
 19.101 
 19.051 
 19.07 
 19.17 
 19.066 
 19.011 
 19.055 
 19.095 
 19.118 
 19.025 
 19.083 
 19.052 
 19.052 
 18.998 
 19.017 
 18.955 
 19.045 
 18.967 
 18.978 
 19.053 
 18.985 
 19.063 
 19.069 
 19.069 
 19.075 
 19.05 
 18.987 
 18.895 
 18.957 
 18.89 
 18.893 
 18.975 
 18.996 
 18.929 
 18.922 
 18.906 
 18.806 
 18.819 
 18.908 
 18.762 
 18.799 
 18.828 
 18.782 
 18.785 
 18.727 
 18.804 
 18.8 
 18.735 
 18.72 
 18.698 
 18.722 
 18.591 
 18.625 
 18.563 
 18.665 
 18.612 
 18.503 
 18.612 
 18.558 
 18.495 
 18.565 
 18.471 
 18.585 
 18.504 
 18.52 
 18.516 
 18.466 
 18.486 
 18.573 
 18.577 
 18.507 
 18.571 
 18.619 
 18.669 
 18.701 
 18.727 
 18.774 
 18.818 
 18.747 
 18.877 
 18.992 
 19.034 
 19.026 
 18.939 
 19.106 
 19.064 
 19.03 
 19.046 
 19.062 
 19.065 
 19.132 
 19.14 
 18.334 
 18.001 
 18.149 
 18.12 
 18.337 
 18.334 
 18.447 
 18.585 
 18.666 
 18.721 
 18.726 
 18.789 
 18.861 
 18.896 
 18.876 
 19.119 
 18.977 
 19.004 
 19.026 
 19.162 
 19.05 
 19.105 
 19.2 
 19.074 
 19.098 
 19.211 
 19.177 
 19.064 
 19.162 
 19.116 
 19.163 
 19.111 
 19.067 
 19.11 
 19.094 
 19.094 
 19.21 
 19.231 
 19.08 
 19.083 
 19.127 
 19.136 
 19.027 
 19.127 
 19.033 
 19.031 
 19.138 
 19.072 
 19.191 
 19.044 
 19.089 
 19.079 
 19.112 
 19 
 19.059 
 18.925 
 18.935 
 18.962 
 18.9 
 18.893 
 18.972 
 18.89 
 18.973 
 18.895 
 18.979 
 18.833 
 18.908 
 18.964 
 19.178 
 19.312 
 19.323 
 19.477 
 19.507 
 19.526 
 19.678 
 19.63 
 19.712 
 19.737 
 19.866 
 19.753 
 19.647 
 19.632 
 18.68 
 17.808 
 17.063 
 16.506 
 16.188 
 16.06 
 15.995 
 15.843 
 16.034 
 16.641 
 17.189 
 17.657 
 18.091 
 18.471 
 18.831 
 19.104 
 19.319 
 19.469 
 19.697 
 19.793 
 20.025 
 20.089 
 20.164 
 20.236 
 20.205 
 20.239 
 20.311 
 20.476 
 20.433 
 20.37 
 20.451 
 20.426 
 20.501 
 20.371 
 20.406 
 20.489 
 20.489 
 20.567 
 20.589 
 20.542 
 20.595 
 20.514 
 20.65 
 20.634 
 20.643 
 20.64 
 20.595 
 20.6 
 20.596 
 20.618 
 20.615 
 20.634 
 20.657 
 20.678 
 20.669 
 20.562 
 20.625 
 20.557 
 20.632 
 20.56 
 20.619 
 20.535 
 20.6 
 20.638 
 20.572 
 20.607 
 20.693 
 20.696 
 20.622 
 20.648 
 20.635 
 20.704 
 20.71 
 20.623 
 20.636 
 20.676 
 20.692 
 20.783 
 20.76 
 20.689 
 20.73 
 20.749 
 20.793 
 20.866 
 20.847 
 20.813 
 20.816 
 20.908 
 20.968 
 20.957 
 20.552 
 21.709 
 22.145 
 60.234 
 72.378 
 92.732 
 110.46 
 92.935 
 82.937 
 74.35 
 67.17 
 60.964 
 55.58 
 51.15 
 47.33 
 43.945 
 41.071 
 38.481 
 36.263 
 34.463 
 32.789 
 31.377 
 30.17 
 29.043 
 28.074 
 27.254 
 26.577 
 25.918 
 25.339 
 24.832 
 24.364 
 24.043 
 23.684 
 23.408 
 23.238 
 22.994 
 22.88 
 22.745 
 22.612 
 22.543 
 22.408 
 22.241 
 22.244 
 22.093 
 22.178 
 22.024 
 22.021 
 21.956 
 21.99 
 21.853 
 21.842 
 21.886 
 21.825 
 21.716 
 21.707 
 21.713 
 21.751 
 21.626 
 21.684 
 21.625 
 21.654 
 21.689 
 21.627 
 21.663 
 21.575 
 21.643 
 21.665 
 21.643 
 21.593 
 21.574 
 21.546 
 21.565 
 21.628 
 21.587 
 21.568 
 21.641 
 21.623 
 21.617 
 21.555 
 21.621 
 21.642 
 21.485 
 21.408 
 21.525 
 21.405 
 21.369 
 21.369 
 21.415 
 21.365 
 21.425 
 21.33 
 21.355 
 21.274 
 21.377 
 21.233 
 21.318 
 21.33 
 21.386 
 21.299 
 21.24 
 21.38 
 21.336 
 21.244 
 21.304 
 21.21 
 21.242 
 21.212 
 21.241 
 21.136 
 21.216 
 21.288 
 21.212 
 21.157 
 21.241 
 21.178 
 21.238 
 21.19 
 21.15 
 21.178 
 21.203 
 21.303 
 21.225 
 21.203 
 21.157 
 21.263 
 21.297 
 21.271 
 21.249 
 21.36 
 21.373 
 21.298 
 21.464 
 21.383 
 21.446 
 21.568 
 21.537 
 21.528 
 21.632 
 21.723 
 21.627 
 21.698 
 21.717 
 21.771 
 21.768 
 21.818 
 21.787 
 21.868 
 21.868 
 21.821 
 21.921 
 21.903 
 21.918 
 21.877 
 21.909 
 21.943 
 21.942 
 21.827 
 21.92 
 21.965 
 21.885 
 21.958 
 21.921 
 21.896 
 21.916 
 21.938 
 21.908 
 21.827 
 21.924 
 21.848 
 21.827 
 21.924 
 21.882 
 21.874 
 21.892 
 21.914 
 21.844 
 21.855 
 21.826 
 21.747 
 21.718 
 21.662 
 21.573 
 21.561 
 21.544 
 21.459 
 21.46 
 21.454 
 21.326 
 21.334 
 21.404 
 21.284 
 21.33 
 20.895 
 20.466 
 21.251 
 22.396 
 23.923 
 73.687 
 71.651 
 59.855 
 76.912 
 68.282 
