The Collection Interval for this data is: 15 minutes
 8.067 
 8.066 
 8.047 
 8.025 
 8.028 
 8.029 
 8.08 
 8.226 
 8.689 
 8.918 
 8.923 
 9.044 
 9.666 
 9.844 
 9.819 
 9.889 
 9.552 
 9.416 
 9.422 
 9.567 
 9.643 
 9.816 
 9.934 
 9.98 
 9.986 
 9.988 
 9.985 
 9.99 
 9.993 
 9.992 
 9.988 
 9.991 
 9.989 
 9.989 
 9.983 
 9.989 
 9.989 
 9.985 
 9.987 
 9.991 
 9.991 
 9.99 
 9.991 
 9.99 
 9.991 
 9.983 
 9.988 
 9.985 
 9.99 
 9.983 
 9.984 
 9.99 
 9.985 
 9.982 
 9.983 
 9.99 
 9.99 
 9.988 
 9.982 
 9.991 
 9.983 
 9.989 
 9.986 
 9.989 
 9.985 
 9.988 
 9.99 
 9.989 
 9.99 
 9.982 
 9.989 
 9.989 
 9.989 
 9.99 
 9.99 
 9.989 
 9.981 
 9.982 
 9.99 
 9.983 
 9.983 
 9.99 
 9.985 
 9.983 
 9.991 
 9.989 
 9.988 
 9.986 
 9.991 
 9.991 
 9.991 
 9.983 
 9.986 
 9.99 
 9.99 
 9.984 
 9.987 
 8.423 
 8.41 
 8.41 
 8.4 
 8.409 
 8.401 
 8.407 
 8.4 
 8.403 
 8.406 
 8.409 
 8.408 
 8.401 
 8.404 
 8.405 
 8.394 
 8.401 
 8.389 
 8.393 
 8.388 
 8.383 
 8.394 
 8.389 
 8.387 
 8.382 
 8.385 
 8.379 
 8.384 
 8.382 
 8.386 
 8.384 
 8.381 
 8.381 
 8.382 
 8.38 
 8.393 
 8.376 
 8.381 
 8.378 
 8.382 
 8.388 
 8.382 
 8.374 
 8.393 
 8.394 
 8.38 
 8.384 
 8.391 
 8.394 
 8.392 
 8.393 
 8.393 
 8.402 
 8.407 
 8.391 
 8.39 
 8.401 
 8.415 
 8.405 
 8.414 
 8.413 
 8.42 
 8.417 
 8.424 
 8.414 
 8.422 
 8.432 
 8.427 
 8.425 
 8.434 
 8.434 
 8.434 
 8.445 
 8.433 
 8.443 
 8.439 
 8.445 
 8.435 
 8.439 
 8.444 
 8.436 
 8.435 
 8.438 
 8.446 
 8.434 
 8.444 
 8.441 
 8.437 
 8.434 
 8.436 
 8.438 
 8.435 
 8.443 
 8.445 
 8.434 
 8.44 
 8.439 
 8.445 
 8.438 
 8.444 
 8.446 
 8.44 
 8.447 
 8.442 
 8.441 
 8.441 
 8.438 
 8.441 
 8.437 
 8.439 
 8.429 
 8.427 
 8.435 
 8.434 
 8.428 
 8.434 
 8.422 
 8.427 
 8.419 
 8.429 
 8.417 
 8.418 
 8.422 
 8.428 
 8.426 
 8.426 
 8.432 
 8.43 
 8.427 
 8.43 
 8.435 
 8.432 
 8.428 
 8.418 
 8.428 
 8.423 
 8.427 
 8.413 
 8.42 
 8.432 
 8.426 
 8.419 
 8.417 
 8.415 
 8.427 
 8.42 
 8.408 
 8.411 
 8.417 
 8.422 
 8.413 
 8.411 
 8.402 
 8.417 
 8.406 
 8.401 
 8.398 
 8.411 
 8.408 
 8.4 
 8.406 
 8.403 
 8.406 
 8.411 
 8.404 
 8.402 
 8.404 
 8.397 
 8.398 
 8.398 
 8.396 
 8.398 
 8.394 
 8.388 
 8.389 
 8.382 
 8.386 
 8.379 
 8.385 
 8.379 
 8.378 
 8.381 
 8.376 
 8.374 
 8.375 
 8.372 
 8.365 
 8.363 
 8.366 
 8.37 
 8.359 
 8.361 
 8.368 
 8.355 
 8.36 
 8.364 
 8.353 
 8.362 
 8.362 
 8.356 
 8.349 
 8.355 
 8.354 
 8.353 
 8.351 
 8.354 
 8.35 
 8.354 
 8.348 
 8.35 
 8.346 
 8.344 
 8.352 
 8.342 
 8.34 
 8.342 
 8.343 
 8.336 
 8.336 
 8.349 
 8.357 
 8.354 
 8.364 
 8.354 
 8.354 
 8.352 
 8.363 
 8.352 
 8.356 
 8.354 
 8.356 
 8.356 
 8.347 
 8.354 
 8.351 
 8.364 
 8.349 
 8.354 
 8.351 
 8.352 
 8.362 
 8.345 
 8.341 
 8.356 
 8.356 
 8.357 
 8.353 
 8.342 
 8.355 
 8.348 
 8.352 
 8.348 
 8.349 
 8.345 
 8.347 
 8.337 
 8.347 
 8.336 
 8.344 
 8.344 
 8.339 
 8.334 
 8.339 
 8.337 
 8.334 
 8.344 
 8.343 
 8.328 
 8.334 
 8.334 
 8.332 
 8.333 
 8.32 
 8.328 
 8.322 
 8.32 
 8.315 
 8.316 
 8.314 
 8.321 
 8.323 
 8.318 
 8.313 
 8.314 
 8.312 
 8.307 
 8.303 
 8.299 
 8.296 
 8.299 
 8.295 
 8.295 
 8.293 
 8.289 
 8.294 
 8.293 
 8.28 
 8.277 
 8.288 
 8.288 
 8.279 
 8.272 
 8.285 
 8.284 
 8.272 
 8.273 
 8.27 
 8.281 
 8.28 
 8.279 
 8.273 
 8.277 
 8.274 
 8.266 
 8.263 
 8.269 
 8.265 
 8.272 
 8.272 
 8.284 
 8.282 
 8.276 
 8.271 
 8.286 
 8.281 
 8.281 
 8.269 
 8.279 
 8.288 
 8.276 
 8.28 
 8.285 
 8.282 
 8.277 
 8.271 
 8.28 
 8.293 
 8.277 
 8.272 
 8.28 
 8.289 
 8.287 
 8.281 
 8.285 
 8.28 
 8.285 
 8.282 
 8.287 
 8.29 
 8.283 
 8.283 
 8.278 
 8.279 
 8.275 
 8.272 
 8.28 
 8.284 
 8.286 
 8.279 
 8.285 
 8.28 
 8.28 
 8.281 
 8.278 
 8.274 
 8.278 
 8.275 
 8.271 
 8.262 
 8.262 
 8.271 
 8.266 
 8.254 
 8.264 
 8.251 
 8.261 
 8.25 
 8.259 
 8.248 
 8.246 
 8.248 
 8.252 
 8.247 
 8.24 
 8.249 
 8.239 
 8.246 
 8.242 
 8.237 
 8.241 
 8.247 
 8.244 
 8.242 
 8.236 
 8.234 
 8.231 
 8.232 
 8.244 
 8.238 
 8.242 
 8.246 
 8.232 
 8.232 
 8.24 
 8.236 
 8.229 
 8.23 
 8.235 
 8.232 
 8.236 
 8.24 
 8.235 
 8.227 
 8.239 
 8.243 
 8.243 
 8.243 
 8.236 
 8.241 
 8.248 
 8.248 
 8.242 
 8.248 
 8.248 
 8.254 
 8.256 
 8.245 
 8.238 
 8.251 
 8.254 
 8.249 
 8.249 
 8.241 
 8.246 
 8.254 
 8.252 
 8.249 
 8.254 
 8.257 
 8.259 
 8.252 
 8.254 
 8.246 
 8.26 
 8.256 
 8.254 
 8.248 
 8.255 
 8.253 
 8.246 
 8.241 
 8.245 
 8.246 
 8.259 
 8.253 
 8.25 
 8.244 
 8.257 
 8.257 
 8.245 
 8.249 
 8.238 
 8.236 
 8.246 
 8.243 
 8.237 
 8.24 
 8.241 
 8.233 
 8.227 
 8.231 
 8.232 
 8.23 
 8.223 
 8.232 
 8.23 
 8.23 
 8.228 
 8.222 
 8.227 
 8.218 
 8.223 
 8.215 
 8.212 
 8.223 
 8.214 
 8.221 
 8.224 
 8.217 
 8.223 
 8.228 
 8.222 
 8.226 
 8.223 
 8.231 
 8.228 
 8.227 
 8.227 
 8.231 
 8.225 
 8.229 
 8.226 
 8.237 
 8.226 
 8.239 
 8.238 
 8.233 
 8.242 
 8.245 
 8.249 
 8.245 
 8.244 
 8.245 
 8.248 
 8.252 
 8.249 
 8.252 
 8.241 
 8.244 
 8.246 
 8.252 
 8.251 
 8.248 
 8.247 
 8.258 
 8.249 
 8.256 
 8.245 
 8.254 
 8.242 
 8.259 
 8.262 
 8.253 
 8.255 
 8.247 
 8.258 
 8.26 
 8.245 
 8.247 
 8.25 
 8.246 
 8.257 
 8.255 
 8.246 
 8.246 
 8.256 
 8.258 
 8.248 
 8.244 
 8.241 
 8.244 
 8.258 
 8.246 
 8.243 
 8.251 
 8.246 
 8.249 
 8.24 
 8.247 
 8.246 
 8.241 
 8.241 
 8.24 
 8.237 
 8.245 
 8.244 
 8.235 
 8.232 
 8.241 
 8.238 
 8.239 
 8.235 
 8.228 
 8.227 
 8.235 
 8.231 
 8.224 
 8.226 
 8.225 
 8.226 
 8.224 
 8.228 
 8.23 
 8.233 
 8.223 
 8.233 
 8.225 
 8.225 
 8.229 
 8.226 
 8.226 
 8.232 
 8.221 
 8.219 
 8.225 
 8.224 
 8.224 
 8.218 
 8.227 
 8.227 
 8.219 
 8.221 
 8.224 
 8.226 
 8.241 
 8.238 
 8.224 
 8.233 
 8.224 
 8.239 
 8.239 
 8.237 
 8.236 
 8.233 
 8.231 
 8.235 
 8.232 
 8.231 
 8.238 
 8.23 
 8.231 
 8.23 
 8.241 
 8.244 
 8.23 
 8.232 
 8.226 
 8.229 
 8.228 
 8.244 
 8.244 
 8.232 
 8.232 
 8.227 
 8.228 
 8.237 
 8.231 
 8.235 
 8.234 
 8.237 
 8.235 
 8.239 
 8.23 
 8.229 
 8.244 
 8.236 
 8.235 
 8.239 
 8.239 
 8.227 
 8.241 
 8.229 
 8.237 
 8.227 
 8.23 
 8.235 
 8.239 
 8.24 
 8.241 
 8.238 
 8.24 
 8.237 
 8.238 
 8.231 
 8.229 
 8.226 
 8.231 
 8.235 
 8.231 
 8.232 
 8.233 
 8.236 
 8.23 
 8.235 
 8.226 
 8.234 
 8.232 
 8.227 
 8.238 
 8.23 
 8.231 
 8.232 
 8.231 
 8.237 
 8.23 
 8.233 
 8.238 
 8.24 
 8.238 
 8.24 
 8.231 
 8.238 
 8.232 
 8.228 
 8.239 
 8.228 
 8.229 
 8.231 
 8.229 
 8.243 
 8.25 
 8.249 
 8.246 
 8.237 
 8.25 
 8.244 
 8.244 
 8.246 
 8.25 
 8.246 
 8.25 
 8.247 
 8.247 
 8.249 
 8.252 
 8.26 
 8.251 
 8.255 
 8.255 
 8.252 
 8.253 
 8.263 
 8.263 
 8.252 
 8.258 
 8.26 
 8.262 
 8.262 
 8.266 
 8.267 
 8.265 
 8.272 
 8.259 
 8.263 
 8.271 
 8.271 
 8.271 
 8.265 
 8.271 
 8.271 
 8.276 
 8.265 
 8.267 
 8.277 
 8.272 
 8.268 
 8.272 
 8.274 
 8.278 
 8.271 
 8.267 
 8.278 
 8.272 
 8.267 
 8.279 
 8.27 
 8.282 
 8.28 
 8.275 
 8.286 
 8.28 
 8.279 
 8.289 
 8.285 
 8.299 
 8.306 
 8.344 
 8.402 
 8.451 
 8.49 
 8.546 
 8.585 
 8.613 
 8.639 
 8.657 
 8.675 
 8.693 
 8.71 
 8.715 
 8.727 
 8.743 
 8.74 
 8.757 
 8.823 
 8.91 
 8.941 
 9.092 
 9.342 
 9.391 
 9.412 
 9.412 
 9.432 
 9.449 
 9.458 
 9.467 
 9.484 
 9.498 
 9.507 
 9.519 
 9.542 
 9.548 
 9.564 
 9.574 
 9.587 
 9.604 
 9.612 
 9.624 
 9.634 
 9.644 
 9.652 
 9.67 
 9.678 
 9.691 
 9.699 
 9.708 
 9.724 
 9.733 
 9.737 
 9.754 
 9.762 
 9.765 
 9.768 
 9.786 
 9.79 
 9.805 
 9.817 
 9.819 
 9.825 
 9.841 
 9.85 
 9.857 
 9.863 
 9.877 
 9.883 
 9.881 
 9.893 
 9.908 
 9.907 
 9.926 
 9.931 
 9.939 
 9.941 
 9.948 
 9.729 
 9.97 
 9.936 
 9.93 
 9.926 
 9.963 
 9.984 
 9.971 
 9.979 
 9.983 
 9.992 
 9.987 
 9.986 
 9.988 
 9.945 
 9.99 
 9.987 
 9.966 
 9.938 
 9.936 
 9.935 
 9.929 
 9.951 
 9.99 
 9.992 
 9.985 
 9.993 
 9.992 
 9.987 
 9.991 
 9.991 
 9.993 
 8.835 
 8.817 
 8.811 
 8.811 
 8.809 
 8.807 
 8.798 
 8.799 
 8.804 
 8.8 
 8.801 
 8.792 
 8.789 
 8.786 
 8.784 
 8.794 
 8.789 
 8.789 
 8.78 
 8.783 
 8.787 
 8.785 
 8.783 
 8.775 
 8.783 
 8.783 
 8.777 
 8.781 
 8.775 
 8.777 
 8.781 
 8.772 
 8.77 
 8.776 
 8.775 
 8.78 
 8.776 
 8.768 
 8.779 
 8.776 
 8.772 
 8.772 
 8.777 
 8.771 
 8.772 
 8.777 
 8.773 
 8.775 
 8.772 
 8.776 
 8.775 
 8.774 
 8.775 
 8.769 
 8.771 
 8.775 
 8.767 
 8.776 
 8.767 
 8.766 
 8.771 
 8.769 
 8.773 
 8.774 
 8.773 
 8.773 
 8.776 
 8.775 
 8.767 
 8.766 
 8.776 
 8.776 
 8.768 
 8.773 
 8.775 
 8.772 
 8.766 
 8.776 
 8.776 
 8.766 
 8.776 
 8.775 
 8.771 
 8.773 
 8.776 
 8.766 
 8.776 
 8.769 
 8.777 
 8.768 
 8.776 
 8.775 
 8.777 
 8.777 
 8.777 
 8.767 
 8.777 
 8.774 
 8.776 
 8.772 
 8.767 
 8.767 
 8.778 
 8.774 
 8.775 
 8.775 
 8.769 
 8.768 
 8.776 
 8.77 
 8.77 
 8.768 
 8.769 
 8.775 
 8.779 
 8.77 
 8.769 
 8.769 
 8.78 
 8.773 
 8.771 
 8.778 
 8.78 
 8.78 
 8.775 
 8.78 
 8.777 
 8.781 
 8.781 
 8.775 
 8.771 
 8.772 
 8.773 
 8.776 
 8.78 
 8.777 
 8.782 
 8.774 
 8.775 
 8.773 
 8.774 
 8.773 
 8.775 
 8.78 
 8.784 
 8.781 
 8.783 
 8.778 
 8.779 
 8.783 
 8.781 
 8.776 
 8.783 
 8.773 
 8.783 
 8.78 
 8.785 
 8.781 
 8.779 
 8.781 
 8.783 
 8.782 
 8.785 
 8.783 
 8.783 
 8.774 
 8.785 
 8.785 
 8.784 
 8.783 
 8.782 
 8.774 
 8.778 
 8.774 
 8.785 
 8.775 
 8.785 
 8.785 
 8.778 
 8.78 
 8.785 
 8.779 
 8.786 
 8.781 
 8.787 
 8.777 
 8.782 
 8.786 
 8.788 
 8.779 
 8.78 
 8.78 
 8.783 
 8.78 
 8.787 
 8.779 
 8.787 
 8.791 
 8.79 
 8.787 
 8.781 
 8.789 
 8.784 
 8.784 
 8.792 
 8.791 
 8.791 
 8.784 
 8.787 
 8.785 
 8.791 
 8.783 
 8.783 
 8.787 
 8.792 
 8.789 
 8.795 
 8.794 
 8.794 
 8.794 
 8.795 
 8.793 
 8.793 
 8.793 
 8.794 
 8.785 
 8.792 
 8.789 
 8.796 
 8.787 
 8.795 
 8.794 
 8.796 
 8.787 
 8.796 
 8.791 
 8.787 
 8.786 
 8.796 
 8.797 
 8.797 
 8.797 
 8.795 
 8.796 
 8.788 
 8.792 
 8.786 
 8.797 
 8.789 
 8.792 
 8.789 
 8.788 
 8.797 
 8.789 
 8.796 
 8.792 
 8.787 
 8.786 
 8.797 
 8.79 
 8.798 
 8.796 
 8.789 
 8.797 
 8.798 
 8.791 
 8.796 
 8.799 
 8.788 
 8.79 
 8.8 
 8.799 
 8.802 
 8.802 
 8.792 
 8.792 
 8.793 
 8.795 
 8.804 
 8.802 
 8.805 
 8.796 
 8.804 
 8.805 
 8.807 
 8.804 
 8.801 
 8.808 
 8.798 
 8.802 
 8.808 
 8.805 
 8.802 
 8.802 
 8.806 
 8.809 
 8.803 
 8.812 
 8.813 
 8.815 
 8.81 
 8.812 
 8.813 
 8.813 
 8.809 
 8.813 
 8.816 
 8.815 
 8.816 
 8.81 
 8.808 
 8.808 
 8.815 
 8.817 
 8.819 
 8.819 
 8.814 
 8.819 
 8.813 
 8.821 
 8.82 
 8.819 
 8.818 
 8.812 
 8.813 
 8.817 
 8.814 
 8.815 
 8.821 
 8.817 
 8.815 
 8.821 
 8.823 
 8.815 
 8.821 
 8.823 
 8.824 
 8.823 
 8.824 
 8.819 
 8.822 
 8.825 
 8.821 
 8.82 
 8.825 
 8.822 
 8.824 
 8.82 
 8.819 
 8.827 
 8.82 
 8.825 
 8.826 
 8.825 
 8.823 
 8.82 
 8.816 
 8.817 
 8.831 
 8.835 
 8.824 
 8.832 
 8.828 
 8.834 
 8.827 
 8.831 
 8.836 
 8.837 
 8.837 
 8.837 
 8.835 
 8.83 
 8.84 
 8.836 
 8.833 
 8.834 
 8.839 
 8.84 
 8.843 
 8.838 
 8.842 
 8.835 
 8.846 
 8.839 
 8.838 
 8.846 
 8.838 
 8.848 
 8.846 
 8.841 
 8.85 
 8.841 
 8.844 
 8.843 
 8.842 
 8.847 
 8.851 
 8.849 
 8.854 
 8.854 
 8.845 
 8.855 
 8.847 
 8.855 
 8.856 
 8.848 
 8.856 
 8.858 
 8.852 
 8.855 
 8.859 
 8.848 
 8.858 
 8.851 
 8.861 
 8.856 
 8.851 
 8.853 
 8.857 
 8.854 
 8.863 
 8.859 
 8.862 
 8.854 
 8.854 
 8.862 
 8.862 
 8.855 
 8.857 
 8.866 
 8.857 
 8.866 
 8.867 
 8.858 
 8.859 
 8.867 
 8.868 
 8.858 
 8.869 
 8.86 
 8.87 
 8.87 
 8.864 
 8.867 
 8.871 
 8.871 
 8.864 
 8.867 
 8.862 
 8.872 
 8.87 
 8.862 
 8.873 
 8.874 
 8.866 
 8.87 
 8.873 
 8.868 
 8.872 
 8.873 
 8.874 
 8.874 
 8.876 
 8.877 
 8.888 
 8.876 
 8.874 
 8.86 
 8.843 
 8.835 
 8.842 
 8.844 
 8.836 
 8.84 
 8.835 
 8.842 
 8.956 
 9.158 
 9.318 
 9.562 
 9.718 
 9.801 
 9.968 
 9.994 
 9.995 
 9.994 
 9.986 
 9.993 
 9.986 
 9.985 
 9.986 
 9.985 
 9.99 
 9.99 
 9.987 
 9.989 
 9.986 
 9.991 
 9.993 
 9.99 
 9.989 
 9.992 
 9.985 
 9.99 
 9.984 
 9.989 
 9.993 
 9.986 
 9.986 
 9.992 
 9.993 
 9.988 
 9.992 
 9.987 
 9.993 
 9.989 
 9.993 
 9.992 
 9.988 
 9.993 
 9.993 
 9.986 
 9.987 
 9.993 
 9.993 
 9.986 
 9.99 
 9.986 
 9.991 
 9.987 
 9.988 
 9.989 
 9.985 
 9.987 
 9.991 
 9.992 
 9.992 
 9.985 
 9.992 
 9.988 
 9.988 
 9.985 
 9.993 
 9.991 
 9.993 
 9.992 
 9.993 
 9.99 
 9.985 
 9.985 
 9.992 
 9.985 
 9.993 
 9.993 
 9.992 
 9.992 
 9.99 
 9.985 
 9.99 
 9.987 
 9.985 
 9.992 
 9.993 
 9.985 
 9.985 
 9.985 
 9.992 
 9.984 
 9.991 
 9.991 
 9.99 
 9.991 
 8.867 
 8.866 
 8.869 
 8.872 
 8.876 
 8.869 
 8.88 
 8.877 
 8.879 
 8.883 
 8.885 
 8.881 
 8.888 
 8.887 
 8.882 
 8.885 
 8.883 
 8.882 
 8.886 
 8.885 
 8.89 
 8.896 
 8.894 
 8.888 
 8.897 
 8.899 
 8.892 
 8.896 
 8.9 
 8.893 
 8.904 
 8.904 
 8.897 
 8.895 
 8.906 
 8.905 
 8.899 
 8.899 
 8.907 
 8.91 
 8.911 
 8.909 
 8.903 
 8.911 
 8.905 
 8.914 
 8.911 
 8.914 
 8.913 
 8.913 
 8.906 
 8.907 
 8.907 
 8.913 
 8.916 
 8.908 
 8.912 
 8.916 
 8.919 
 8.913 
 8.916 
 8.912 
 8.91 
 8.911 
 8.919 
 8.922 
 8.92 
 8.912 
 8.922 
 8.922 
 8.916 
 8.921 
 8.914 
 8.923 
 8.914 
 8.922 
 8.924 
 8.921 
 8.896 
 8.876 
 8.877 
 8.882 
 8.886 
 8.885 
 8.9 
 8.916 
 8.932 
 8.932 
 8.9 
 8.985 
 9.058 
 8.945 
 8.945 
