The Collection Interval for this data is: 15 minutes
 11.73 
 6.06 
 5.68 
 5.54 
 5.54 
 5.47 
 5.81 
 5.79 
 5.7 
 5.65 
 5.7 
 5.64 
 5.73 
 5.68 
 5.68 
 5.72 
 5.73 
 5.72 
 5.71 
 5.65 
 5.58 
 5.51 
 5.48 
 5.5 
 5.5 
 5.46 
 5.46 
 5.46 
 5.44 
 5.49 
 5.51 
 5.49 
 5.42 
 5.36 
 5.35 
 5.38 
 5.41 
 5.35 
 5.37 
 5.41 
 5.4 
 5.38 
 5.39 
 5.37 
 5.38 
 5.39 
 5.38 
 5.39 
 5.37 
 5.39 
 5.4 
 5.4 
 5.4 
 5.38 
 5.38 
 5.4 
 5.39 
 5.36 
 5.36 
 5.36 
 5.37 
 5.4 
 5.39 
 5.4 
 5.38 
 5.39 
 5.4 
 5.36 
 5.39 
 5.4 
 5.38 
 5.42 
 5.39 
 5.39 
 5.37 
 5.42 
 5.45 
 5.45 
 5.47 
 5.4 
 5.43 
 5.47 
 5.49 
 5.47 
 5.49 
 5.43 
 5.46 
 5.47 
 5.47 
 5.5 
 5.6 
 5.55 
 5.53 
 5.52 
 5.49 
 5.48 
 5.53 
 5.49 
 5.15 
 5.26 
 5.25 
 5.28 
 5.3 
 5.33 
 5.34 
 5.36 
 5.35 
 5.27 
 5.44 
 5.47 
 5.44 
 5.49 
 5.48 
 5.47 
 5.41 
 5.51 
 5.55 
 5.5 
 5.5 
 5.52 
 5.52 
 5.51 
 5.45 
 5.47 
 5.45 
 5.52 
 5.44 
 5.49 
 5.54 
 5.55 
 5.5 
 5.54 
 5.54 
 5.54 
 5.51 
 5.51 
 5.57 
 5.49 
 5.51 
 5.52 
 5.56 
 5.55 
 5.53 
 5.58 
 5.56 
 5.56 
 5.59 
 5.51 
 5.48 
 5.45 
 5.52 
 5.51 
 5.53 
 5.55 
 5.49 
 5.44 
 5.45 
 5.44 
 5.48 
 5.53 
 5.49 
 5.51 
 5.54 
 5.56 
 5.59 
 5.5 
 5.54 
 5.49 
 5.49 
 5.51 
 5.53 
 5.54 
 5.55 
 5.53 
 5.54 
 5.49 
 5.51 
 5.55 
 5.48 
 5.52 
 5.5 
 5.57 
 5.57 
 5.58 
 5.55 
 5.57 
 5.55 
 5.58 
 5.57 
 5.59 
 5.59 
 5.61 
 5.62 
 5.59 
 5.6 
 5.68 
 5.74 
 5.73 
 5.72 
 5.72 
 5.73 
 5.68 
 5.72 
 5.75 
 5.75 
 5.76 
 5.81 
 5.73 
 5.72 
 5.77 
 5.8 
 5.74 
 5.8 
 5.81 
 5.82 
 5.79 
 5.79 
 5.79 
 5.8 
 5.78 
 5.79 
 5.84 
 5.82 
 5.87 
 5.79 
 5.82 
 5.85 
 5.84 
 5.79 
 5.77 
 5.79 
 5.85 
 5.83 
 5.78 
 5.81 
 5.8 
 5.84 
 5.78 
 5.81 
 5.78 
 5.84 
 5.86 
 5.78 
 5.82 
 5.82 
 5.83 
 5.85 
 5.85 
 5.83 
 5.81 
 5.85 
 5.85 
 5.8 
 5.81 
 5.83 
 5.85 
 5.8 
 5.82 
 5.83 
 5.82 
 5.86 
 5.84 
 5.81 
 5.84 
 5.84 
 5.84 
 5.8 
 5.82 
 5.81 
 5.83 
 5.81 
 5.85 
 5.81 
 5.82 
 5.86 
 5.81 
 5.82 
 5.85 
 5.85 
 5.84 
 5.84 
 5.83 
 5.81 
 5.85 
 5.84 
 5.84 
 5.88 
 5.86 
 5.86 
 5.89 
 5.81 
 5.89 
 5.87 
 5.84 
 5.87 
 5.88 
 5.85 
 5.87 
 5.86 
 5.84 
 5.85 
 5.86 
 5.88 
 5.86 
 5.88 
 5.88 
 5.86 
 5.86 
 5.85 
 5.87 
 5.86 
 5.88 
 5.87 
 5.85 
 5.85 
 5.87 
 5.85 
 5.9 
 5.92 
 5.91 
 5.84 
 5.83 
 5.84 
 5.9 
 5.85 
 5.84 
 5.82 
 5.87 
 5.89 
 5.85 
 5.84 
 5.86 
 5.92 
 5.86 
 5.86 
 5.87 
 5.86 
 5.85 
 5.82 
 5.82 
 5.84 
 5.89 
 5.86 
 5.82 
 5.83 
 5.88 
 5.87 
 5.85 
 5.86 
 5.86 
 5.86 
 5.92 
 5.83 
 5.85 
 5.87 
 5.87 
 5.86 
 5.84 
 5.83 
 5.86 
 5.9 
 5.85 
 5.84 
 5.86 
 5.84 
 5.83 
 5.86 
 5.8 
 5.85 
 5.84 
 5.82 
 5.87 
 5.82 
 5.86 
 5.89 
 5.87 
 5.89 
 5.87 
 5.89 
 5.86 
 5.87 
 5.85 
 5.89 
 5.83 
 5.85 
 5.86 
 5.88 
 5.83 
 5.88 
 5.87 
 5.87 
 5.87 
 5.86 
 5.85 
 5.85 
 5.86 
 5.86 
 5.92 
 5.93 
 5.99 
 5.97 
 6.12 
 6.11 
 6.13 
 6.12 
 6.13 
 6.16 
 6.23 
 6.25 
 6.23 
 6.27 
 6.31 
 6.32 
 6.37 
 6.38 
 6.36 
 6.36 
 6.32 
 6.27 
 6.25 
 6.27 
 6.31 
 6.24 
 6.24 
 6.25 
 6.31 
 6.24 
 6.23 
 6.26 
 6.27 
 6.25 
 6.27 
 6.28 
 6.29 
 6.25 
 6.26 
 6.27 
 6.28 
 6.26 
 6.28 
 6.26 
 6.28 
 6.28 
 6.27 
 6.26 
 6.3 
 6.27 
 6.22 
 6.27 
 6.27 
 6.26 
 6.28 
 6.28 
 6.31 
 6.26 
 6.22 
 6.29 
 6.3 
 6.24 
 6.24 
 6.27 
 6.25 
 6.27 
 6.23 
 6.23 
 6.23 
 6.21 
 6.22 
 6.19 
 6.22 
 6.2 
 6.2 
 6.18 
 6.2 
 6.22 
 6.2 
 6.24 
 6.22 
 6.21 
 6.19 
 6.22 
 6.22 
 6.21 
 6.22 
 6.22 
 6.23 
 6.22 
 6.21 
 6.21 
 6.23 
 6.22 
 6.23 
 6.22 
 6.27 
 6.23 
 6.24 
 6.25 
 6.24 
 6.26 
 6.43 
 6.43 
 6.4 
 6.4 
 6.4 
 6.42 
 6.43 
 6.43 
 6.41 
 6.45 
 6.47 
 6.51 
 6.49 
 6.49 
 6.42 
 6.41 
 6.39 
 6.37 
 6.42 
 6.35 
 6.36 
 6.39 
 6.34 
 6.4 
 6.38 
 6.36 
 6.37 
 6.38 
 6.41 
 6.38 
 6.4 
 6.37 
 6.41 
 6.4 
 6.39 
 6.39 
 6.36 
 6.4 
 6.37 
 6.34 
 6.36 
 6.37 
 6.4 
 6.36 
 6.39 
 6.38 
 6.42 
 6.37 
 6.39 
 6.39 
 6.4 
 6.41 
 6.38 
 6.38 
 6.43 
 6.41 
 6.43 
 6.35 
 6.38 
 6.38 
 6.41 
 6.37 
 6.39 
 6.37 
 6.37 
 6.35 
 6.37 
 6.38 
 6.4 
 6.39 
 6.39 
 6.4 
 6.37 
 6.41 
 6.39 
 6.37 
 6.39 
 6.41 
 6.39 
 6.44 
 6.39 
 6.36 
 6.39 
 6.46 
 6.47 
 6.45 
 6.46 
 6.41 
 6.45 
 6.42 
 6.42 
 6.43 
 6.43 
 6.45 
 6.4 
 6.4 
 6.45 
 6.42 
 6.4 
 6.42 
 6.38 
 6.4 
 6.42 
 6.37 
 6.42 
 6.41 
 6.46 
 6.45 
 6.47 
 6.39 
 6.44 
 6.42 
 6.44 
 6.6 
 6.59 
 6.61 
 6.59 
 6.56 
 6.57 
 6.56 
 6.54 
 6.55 
 6.57 
 6.57 
 6.56 
 6.54 
 6.55 
 6.53 
 6.53 
 6.57 
 6.56 
 6.54 
 6.56 
 6.51 
 6.57 
 6.56 
 6.55 
 6.56 
 6.56 
 6.58 
 6.53 
 6.57 
 6.55 
 6.6 
 6.54 
 6.6 
 6.55 
 6.55 
 6.57 
 6.59 
 6.62 
 6.59 
 6.58 
 6.58 
 6.6 
 6.58 
 6.54 
 6.56 
 6.53 
 6.53 
 6.53 
 6.57 
 6.58 
 6.6 
 6.54 
 6.53 
 6.55 
 6.54 
 6.58 
 6.55 
 6.59 
 6.61 
 6.56 
 6.58 
 6.57 
 6.58 
 6.59 
 6.57 
 6.59 
 6.6 
 6.6 
 6.57 
 6.57 
 6.57 
 6.59 
 6.61 
 6.59 
 6.59 
 6.63 
 6.6 
 6.63 
 6.6 
 6.58 
 6.61 
 6.61 
 6.6 
 6.61 
 6.61 
 6.6 
 6.59 
 6.61 
 6.58 
 6.59 
 6.56 
 6.61 
 6.64 
 6.64 
 6.6 
 6.61 
 6.62 
 6.66 
 6.64 
 6.62 
 6.63 
 6.62 
 6.63 
 6.61 
 6.62 
 6.62 
 6.6 
 6.61 
 6.64 
 6.59 
 6.62 
 6.6 
 6.6 
 6.62 
 6.6 
 6.6 
 6.61 
 6.59 
 6.62 
 6.6 
 6.62 
 6.61 
 6.63 
 6.65 
 6.61 
 6.63 
 6.58 
 6.62 
 6.64 
 6.62 
 6.63 
 6.63 
 6.61 
 6.55 
 6.58 
 6.59 
 6.59 
 6.6 
 6.6 
 6.63 
 6.62 
 6.62 
 6.64 
 6.64 
 6.62 
 6.64 
 6.64 
 6.62 
 6.62 
 6.63 
 6.61 
 6.65 
 6.63 
 6.64 
 6.61 
 6.63 
 6.65 
 6.66 
 6.67 
 6.67 
 6.68 
 6.66 
 6.67 
 6.65 
 6.65 
 6.66 
 6.64 
 6.66 
 6.69 
 6.65 
 6.63 
 6.61 
 6.64 
 6.61 
 6.62 
 6.62 
 6.59 
 6.62 
 6.53 
 6.51 
 6.54 
 6.42 
 5.91 
 5.79 
 6.52 
 6.56 
 6.54 
 6.57 
 6.61 
 6.62 
 6.61 
 6.6 
 6.61 
 6.61 
 6.59 
 6.6 
 6.6 
 6.58 
 6.59 
 6.58 
 6.57 
 6.6 
 6.56 
 6.58 
 6.59 
 6.56 
 6.59 
 6.59 
 6.6 
 6.58 
 6.54 
 6.55 
 6.55 
 6.58 
 6.52 
 6.53 
 6.57 
 6.57 
 6.53 
 6.54 
 6.6 
 6.55 
 6.58 
 6.56 
 6.59 
 6.54 
 6.56 
 6.57 
 6.63 
 6.59 
 6.58 
 6.58 
 6.54 
 6.56 
 6.6 
 6.54 
 6.54 
 6.55 
 6.54 
 6.54 
 6.52 
 6.53 
 6.56 
 6.51 
 6.55 
 6.55 
 6.49 
 6.52 
 6.5 
 6.55 
 6.76 
 6.56 
 6.64 
 6.76 
 6.83 
 6.96 
 6.95 
 6.99 
 7.01 
 8.64 
 8.73 
 8.77 
 8.86 
 8.83 
 8.85 
 8.84 
 8.87 
 8.86 
 8.86 
 8.87 
 8.91 
 8.9 
 8.93 
 8.89 
 8.93 
 8.92 
 8.99 
 8.97 
 8.96 
 8.99 
 8.97 
 8.94 
 9.01 
 8.93 
 8.97 
 8.98 
 8.99 
 8.97 
 8.97 
 8.95 
 8.95 
 8.93 
 8.94 
 8.92 
 8.93 
 8.89 
 8.91 
 8.92 
 8.94 
 8.9 
 8.93 
 8.91 
 8.88 
 8.9 
 8.89 
 8.9 
 8.91 
 8.92 
 8.91 
 8.91 
 8.91 
 8.88 
 8.91 
 8.84 
 8.87 
 8.89 
 8.91 
 8.86 
 8.86 
 8.87 
 8.9 
 8.89 
 8.86 
 8.9 
 8.88 
 8.88 
 8.88 
 8.86 
 8.86 
 8.87 
 8.85 
 8.87 
 8.87 
 8.89 
 8.86 
 8.84 
 8.88 
 8.88 
 8.86 
 8.82 
 8.86 
 8.86 
 5 
 6.93 
 6.77 
 6.89 
 6.93 
 6.93 
 6.94 
 6.88 
 6.92 
 6.92 
 6.92 
 6.92 
 6.9 
 6.91 
 6.89 
 6.89 
 6.87 
 6.84 
 6.83 
 6.8 
 6.8 
 6.77 
 6.73 
 6.72 
 6.69 
 6.72 
 6.7 
 6.72 
 6.74 
 6.75 
 6.75 
 6.75 
 6.74 
 6.75 
 6.75 
 6.74 
 6.75 
 6.73 
 6.74 
 6.73 
 6.73 
 6.75 
 6.75 
 6.75 
 6.73 
 6.73 
 6.73 
 6.73 
 6.74 
 6.73 
 6.72 
 6.72 
 6.73 
 6.72 
 6.74 
 6.73 
 6.73 
 6.73 
 6.75 
 6.74 
 6.73 
 6.74 
 6.75 
 6.73 
 6.73 
 6.72 
 6.73 
 6.73 
 6.72 
 6.72 
 6.72 
 6.73 
 6.73 
 6.72 
 6.72 
 6.71 
 6.72 
 6.71 
 6.7 
 6.71 
 6.69 
 6.69 
 6.68 
 6.68 
 6.68 
 6.69 
 6.68 
 6.68 
 6.67 
 6.67 
 6.66 
 6.66 
 6.64 
 6.66 
 6.65 
 6.66 
 6.65 
 6.65 
 6.65 
 6.65 
 6.65 
 6.65 
 6.65 
 6.64 
 6.65 
 6.64 
 6.64 
 6.65 
 6.64 
 6.65 
 6.64 
 6.64 
 6.63 
 6.63 
 6.65 
 6.64 
 6.64 
 6.64 
 6.64 
 6.63 
 6.63 
 6.63 
 6.63 
 6.64 
 6.64 
 6.63 
 6.64 
 6.62 
 6.62 
 6.63 
 6.63 
 6.63 
 6.62 
 6.63 
 6.63 
 6.62 
 6.63 
 6.62 
 6.62 
 6.62 
 6.63 
 6.61 
 6.62 
 6.62 
 6.62 
 6.61 
 6.62 
 6.61 
 6.61 
 6.63 
 6.62 
 6.63 
 6.62 
 6.62 
 6.62 
 6.63 
 6.63 
 6.61 
 6.61 
 6.61 
 6.6 
 6.62 
 6.61 
 6.6 
 6.61 
 6.61 
 6.6 
 6.61 
 6.61 
 6.6 
 6.61 
 6.6 
 6.6 
 6.59 
 6.59 
 6.59 
 6.59 
 6.59 
 6.6 
 6.6 
 6.6 
 6.59 
 6.59 
 6.6 
 6.59 
 6.6 
 6.59 
 6.6 
 6.6 
 6.6 
 6.59 
 6.59 
 6.59 
 6.58 
 6.59 
 6.58 
 6.58 
 6.57 
 6.57 
 6.56 
 6.58 
 6.57 
 6.58 
 6.56 
 6.58 
 6.58 
 6.57 
 6.58 
 6.59 
 6.58 
 6.58 
 6.58 
 6.58 
 6.58 
 6.58 
 6.59 
 6.58 
 6.57 
 6.6 
 6.59 
 6.58 
 6.58 
 6.57 
 6.58 
 6.58 
 6.59 
 6.59 
 6.58 
 6.59 
 6.58 
 6.57 
 6.57 
 6.58 
 6.58 
 6.57 
 6.59 
 6.58 
 6.59 
 6.57 
 6.57 
 6.58 
 6.57 
 6.57 
 6.57 
 6.57 
 6.57 
 6.58 
 6.57 
 6.56 
 6.58 
 6.57 
 6.57 
 6.57 
 6.57 
 6.57 
 6.57 
 6.56 
 6.56 
 6.56 
 6.55 
 6.55 
 6.55 
 6.56 
 6.56 
 6.56 
 6.56 
 6.55 
 6.55 
 6.55 
 6.56 
 6.55 
 6.55 
 6.55 
 6.55 
 6.55 
 6.55 
 6.56 
 6.55 
 6.55 
 6.54 
 6.55 
 6.55 
 6.54 
 6.55 
 6.54 
 6.54 
 6.56 
 6.55 
 6.57 
 6.56 
 6.57 
 6.56 
 7.69 
 7.68 
 7.67 
 7.68 
 7.68 
 7.67 
 7.65 
 7.76 
 7.74 
 7.72 
 7.75 
 7.76 
 7.77 
 7.77 
 7.81 
 7.7 
 8.16 
 8.21 
 8.19 
 8.17 
 8.22 
 8.19 
 8.08 
 8.07 
 8.08 
 8.09 
 8.09 
 8.35 
 8.32 
 8.35 
 8.34 
 8.35 
 8.35 
 8.33 
 8.33 
 8.33 
 8.31 
 8.33 
 8.33 
 8.32 
 8.31 
 8.3 
 8.3 
 8.28 
 8.24 
 8.23 
 8.22 
 8.2 
 8.2 
 8.19 
 8.18 
 8.18 
 8.19 
 8.18 
 8.18 
 8.17 
 8.2 
 8.16 
 8.14 
 8.16 
 8.14 
 8.13 
 8.12 
 8.12 
 8.14 
 8.13 
 8.14 
 8.14 
 8.12 
 8.12 
 8.15 
 8.16 
 8.16 
 8.17 
 8.18 
 8.19 
 8.18 
 8.18 
 8.2 
 8.2 
 8.21 
 8.22 
 8.23 
 8.22 
 8.22 
 8.07 
 7.94 
 7.87 
 7.94 
 7.92 
 7.9 
 7.95 
 7.95 
 7.92 
 7.91 
 7.91 
 8.29 
 8.14 
 8.42 
 8.36 
 6.67 
 6.68 
 6.71 
 6.71 
 6.75 
 6.79 
 6.81 
 7.96 
 7.96 
 7.95 
 7.95 
 7.95 
 7.96 
 7.96 
 7.94 
 7.95 
 7.96 
 7.96 
 7.96 
 7.95 
 7.96 
 7.96 
 7.97 
 7.97 
 7.97 
 7.97 
 7.97 
 7.97 
 7.97 
 7.97 
 7.98 
 7.97 
 7.98 
 7.96 
 7.96 
 7.96 
 7.96 
 7.95 
 7.97 
 7.97 
 7.97 
 7.97 
 7.96 
 7.96 
 7.97 
 7.96 
 7.95 
 7.97 
 7.96 
 7.96 
 7.95 
 7.97 
 7.96 
 7.97 
 7.95 
 7.97 
 7.95 
 7.96 
 7.96 
 7.97 
 7.96 
 7.96 
 7.96 
 7.97 
 7.95 
 7.97 
 7.96 
 7.96 
 7.95 
 7.96 
 7.96 
 7.96 
 7.96 
 7.97 
 7.98 
 7.97 
 7.97 
 7.96 
 7.97 
 7.96 
 7.96 
 7.96 
 7.95 
 7.95 
 7.95 
 7.93 
 7.95 
 7.96 
 7.93 
 7.86 
 7.97 
 4.8 
 2.59 
 2.78 
 2.54 
 2.54 
 2.54 
 2.53 
 2.53 
 2.52 
 2.51 
 2.51 
 2.51 
 2.5 
 2.5 
 2.5 
 2.49 
 2.49 
 2.49 
 2.49 
 2.49 
 2.49 
 2.49 
 2.49 
 2.49 
 2.49 
 2.49 
 2.48 
 2.48 
 2.48 
 2.48 
 2.48 
 2.48 
 2.48 
 2.48 
 4.26 
 4.3 
 4.32 
 4.34 
 4.36 
 4.38 
 4.39 
 4.41 
 4.42 
 4.42 
 4.43 
 4.43 
 4.43 
 4.44 
 4.44 
 4.45 
 4.45 
 4.45 
 4.46 
 4.46 
 4.47 
 4.47 
 4.47 
 4.47 
 4.47 
 4.49 
 4.47 
 4.48 
 4.48 
 4.48 
 4.49 
 4.48 
 4.49 
 4.49 
 4.49 
 4.5 
 4.49 
 4.5 
 4.5 
 4.5 
 4.5 
 4.51 
 4.51 
 4.51 
 4.51 
 4.51 
 4.51 
 4.52 
 4.51 
 4.52 
 4.52 
 4.51 
 4.52 
 4.52 
 4.52 
 4.53 
 4.53 
 4.53 
 4.53 
 4.53 
 4.54 
 4.54 
 4.54 
 4.54 
 4.55 
 4.54 
 4.55 
 4.55 
 4.56 
 4.56 
 4.55 
 4.56 
 4.56 
 4.57 
 4.56 
 4.57 
 4.57 
 4.6 
 4.6 
 4.6 
 4.6 
 4.6 
 4.59 
 4.59 
 4.59 
 4.58 
 4.59 
 4.58 
 4.59 
 4.6 
 4.59 
 4.59 
 4.6 
 4.6 
 4.6 
 4.61 
 4.6 
 4.61 
 4.61 
 4.61 
 4.61 
 4.61 
 4.62 
 4.61 
 4.62 
 4.62 
 4.63 
 4.62 
 4.62 
 4.63 
 4.64 
 4.62 
 4.62 
 4.63 
 4.63 
 4.63 
 4.63 
 4.63 
 4.63 
 4.64 
 4.63 
 4.64 
 4.63 
 4.64 
 4.63 
 4.64 
 4.64 
 4.63 
 4.64 
 4.64 
 4.64 
 4.64 
 4.64 
 4.65 
 4.65 
 4.64 
 4.65 
 4.65 
 4.66 
 4.65 
 4.65 
 4.65 
 4.65 
 4.65 
 4.65 
 4.65 
 4.64 
 4.65 
 4.65 
 4.65 
 4.65 
 4.66 
 4.65 
 4.65 
 4.65 
 4.65 
 5.49 
 4.36 
 4.79 
 4.1 
 4.09 
 3.32 
 2.91 
 2.46 
 2.45 
 3.7 
