The Collection Interval for this data is: 15 minutes
 0.095 
 0.09 
 0.088 
 0.091 
 0.093 
 0.092 
 0.09 
 0.089 
 0.09 
 0.09 
 0.093 
 0.091 
 0.092 
 0.097 
 0.1 
 0.109 
 0.123 
 0.136 
 0.157 
 0.171 
 0.187 
 0.203 
 0.217 
 0.227 
 0.234 
 0.244 
 0.251 
 0.259 
 0.268 
 0.267 
 0.264 
 0.27 
 0.279 
 0.282 
 0.334 
 0.347 
 0.328 
 0.327 
 0.305 
 0.3 
 0.307 
 0.315 
 0.374 
 0.383 
 0.364 
 0.361 
 0.37 
 0.396 
 0.401 
 0.405 
 0.4 
 0.404 
 0.443 
 0.447 
 0.448 
 0.442 
 0.439 
 0.473 
 0.478 
 0.482 
 0.471 
 0.465 
 0.483 
 0.495 
 0.495 
 0.496 
 0.495 
 0.495 
 0.495 
 0.496 
 0.495 
 0.495 
 0.495 
 0.495 
 0.496 
 0.495 
 0.496 
 0.495 
 0.495 
 0.496 
 0.496 
 0.496 
 0.496 
 0.496 
 0.496 
 0.496 
 0.496 
 0.496 
 0.496 
 0.496 
 0.496 
 0.496 
 0.496 
 0.496 
 0.496 
 0.496 
 0.496 
 0.011 
 0.01 
 0.009 
 0.008 
 0.006 
 0.007 
 0.006 
 0.005 
 0.005 
 0.006 
 0.006 
 0.004 
 0.005 
 0.004 
 0.004 
 0.004 
 0.005 
 0.005 
 0.005 
 0.004 
 0.005 
 0.005 
 0.005 
 0.005 
 0.004 
 0.006 
 0.005 
 0.004 
 0.005 
 0.005 
 0.005 
 0.005 
 0.005 
 0.006 
 0.005 
 0.004 
 0.004 
 0.005 
 0.004 
 0.005 
 0.005 
 0.004 
 0.005 
 0.004 
 0.005 
 0.004 
 0.005 
 0.004 
 0.003 
 0.004 
 0.004 
 0.005 
 0.004 
 0.004 
 0.004 
 0.004 
 0.004 
 0.005 
 0.006 
 0.005 
 0.005 
 0.005 
 0.004 
 0.004 
 0.003 
 0.004 
 0.005 
 0.003 
 0.005 
 0.005 
 0.004 
 0.005 
 0.004 
 0.005 
 0.004 
 0.005 
 0.004 
 0.004 
 0.004 
 0.005 
 0.004 
 0.005 
 0.003 
 0.004 
 0.005 
 0.005 
 0.004 
 0.005 
 0.005 
 0.005 
 0.004 
 0.004 
 0.005 
 0.003 
 0.003 
 0.004 
 0.003 
 0.004 
 0.004 
 0.003 
 0.004 
 0.004 
 0.004 
 0.004 
 0.004 
 0.003 
 0.005 
 0.004 
 0.003 
 0.005 
 0.003 
 0.005 
 0.004 
 0.004 
 0.006 
 0.003 
 0.003 
 0.004 
 0.003 
 0.004 
 0.005 
 0.003 
 0.005 
 0.004 
 0.005 
 0.004 
 0.005 
 0.003 
 0.006 
 0.004 
 0.004 
 0.006 
 0.004 
 0.006 
 0.004 
 0.005 
 0.005 
 0.004 
 0.005 
 0.004 
 0.006 
 0.004 
 0.006 
 0.005 
 0.006 
 0.004 
 0.005 
 0.003 
 0.005 
 0.005 
 0.005 
 0.006 
 0.004 
 0.004 
 0.004 
 0.004 
 0.005 
 0.003 
 0.004 
 0.004 
 0.006 
 0.004 
 0.005 
 0.005 
 0.003 
 0.005 
 0.004 
 0.004 
 0.003 
 0.005 
 0.005 
 0.004 
 0.002 
 0.005 
 0.004 
 0.003 
 0.003 
 0.003 
 0.005 
 0.003 
 0 
 0.002 
 0.001 
 0.004 
 0.005 
 0.004 
 0.003 
 0.004 
 0.003 
 0.004 
 0.003 
 0.005 
 0.004 
 0.003 
 0.004 
 0.005 
 0.005 
 0.004 
 0.004 
 0.004 
 0.004 
 0.004 
 0.004 
 0.005 
 0.004 
 0.003 
 0.006 
 0.004 
 0.005 
 0.004 
 0.004 
 0.005 
 0.004 
 0.004 
 0.003 
 0.004 
 0.005 
 0.004 
 0.004 
 0.004 
 0.004 
 0.004 
 0.004 
 0.005 
 0.004 
 0.004 
 0.005 
 0.005 
 0.007 
 0.006 
 0.006 
 0.006 
 0.006 
 0.006 
 0.006 
 0.005 
 0.007 
 0.007 
 0.007 
 0.007 
 0.006 
 0.007 
 0.008 
 0.006 
 0.007 
 0.007 
 0.007 
 0.007 
 0.008 
 0.007 
 0.008 
 0.007 
 0.008 
 0.008 
 0.008 
 0.009 
 0.009 
 0.009 
 0.009 
 0.009 
 0.008 
 0.009 
 0.01 
 0.009 
 0.009 
 0.01 
 0.009 
 0.011 
 0.012 
 0.01 
 0.011 
 0.011 
 0.011 
 0.01 
 0.01 
 0.012 
 0.011 
 0.012 
 0.011 
 0.013 
 0.011 
 0.011 
 0.013 
 0.012 
 0.011 
 0.012 
 0.014 
 0.012 
 0.013 
 0.013 
 0.013 
 0.013 
 0.014 
 0.014 
 0.014 
 0.014 
 0.013 
 0.014 
 0.014 
 0.015 
 0.014 
 0.014 
 0.014 
 0.014 
 0.015 
 0.015 
 0.015 
 0.015 
 0.016 
 0.015 
 0.016 
 0.016 
 0.016 
 0.016 
 0.016 
 0.016 
 0.017 
 0.017 
 0.017 
 0.017 
 0.016 
 0.017 
 0.017 
 0.018 
 0.02 
 0.019 
 0.022 
 0.021 
 0.024 
 0.026 
 0.028 
 0.029 
 0.032 
 0.034 
 0.037 
 0.039 
 0.041 
 0.044 
 0.047 
 0.05 
 0.052 
 0.055 
 0.06 
 0.061 
 0.065 
 0.069 
 0.072 
 0.076 
 0.078 
 0.081 
 0.086 
 0.09 
 0.092 
 0.096 
 0.101 
 0.105 
 0.107 
 0.11 
 0.116 
 0.119 
 0.123 
 0.127 
 0.133 
 0.136 
 0.138 
 0.144 
 0.148 
 0.154 
 0.157 
 0.162 
 0.165 
 0.169 
 0.176 
 0.176 
 0.183 
 0.182 
 0.189 
 0.193 
 0.198 
 0.199 
 0.203 
 0.206 
 0.209 
 0.215 
 0.217 
 0.22 
 0.224 
 0.227 
 0.23 
 0.235 
 0.236 
 0.239 
 0.242 
 0.246 
 0.248 
 0.255 
 0.255 
 0.257 
 0.26 
 0.263 
 0.266 
 0.269 
 0.27 
 0.273 
 0.276 
 0.279 
 0.281 
 0.285 
 0.288 
 0.29 
 0.292 
 0.294 
 0.296 
 0.297 
 0.299 
 0.302 
 0.302 
 0.305 
 0.308 
 0.31 
 0.312 
 0.312 
 0.316 
 0.323 
 0.321 
 0.324 
 0.327 
 0.33 
 0.33 
 0.337 
 0.339 
 0.341 
 0.345 
 0.349 
 0.35 
 0.353 
 0.363 
 0.371 
 0.38 
 0.386 
 0.39 
 0.398 
 0.407 
 0.412 
 0.416 
 0.42 
 0.427 
 0.433 
 0.437 
 0.439 
 0.444 
 0.449 
 0.453 
 0.456 
 0.458 
 0.464 
 0.469 
 0.471 
 0.473 
 0.479 
 0.481 
 0.486 
 0.491 
 0.495 
 0.496 
 0.496 
 0.496 
 0.496 
 0.496 
 0.496 
 0.496 
 0.496 
 0.496 
 0.496 
 0.496 
 0.496 
 0.496 
 0.496 
 0.496 
 0.496 
 0.496 
 0.496 
 0.496 
 0.496 
 0.496 
 0.496 
 0.496 
 0.496 
 0.496 
 0.496 
 0.496 
 0.496 
 0.496 
 0.496 
 0.496 
 0.496 
 0.496 
 0.496 
 0.496 
 0.496 
 0.496 
 0.496 
 0.496 
 0.496 
 0.496 
 0.496 
 0.496 
 0.496 
 0.496 
 0.495 
 0.496 
 0.495 
 0.495 
 0.496 
 0.495 
 0.496 
 0.495 
 0.496 
 0.495 
 0.496 
 0.495 
 0.495 
 0.495 
 0.495 
 0.496 
 0.496 
 0.495 
 0.495 
 0.495 
 0.496 
 0.495 
 0.495 
 0.495 
 0.495 
 0.495 
 0.496 
 0.495 
 0.495 
 0.495 
 0.496 
 0.496 
 0.495 
 0.495 
 0.495 
 0.496 
 0.495 
 0.496 
 0.496 
 0.495 
 0.496 
 0.495 
 0.495 
 0.495 
 0.495 
 0.495 
 0.495 
 0.496 
 0.495 
 0.495 
 0.496 
 0.495 
 0.495 
 0.496 
 0.496 
 0.496 
 0.496 
 0.496 
 0.496 
 0.496 
 0.496 
 0.496 
 0.496 
 0.496 
 0.496 
 0.496 
 0.496 
 0.496 
 0.496 
 0.496 
 0.496 
 0.496 
 0.496 
 0.496 
 0.496 
 0.496 
 0.496 
 0.496 
 0.496 
 0.496 
 0.496 
 0.496 
 0.496 
 0.496 
 0.496 
 0.496 
 0.496 
 0.496 
 0.496 
 0.496 
 0.496 
 0.496 
 0.496 
 0.496 
 0.496 
 0.496 
 0.495 
 0.496 
 0.495 
 0.495 
 0.496 
 0.495 
 0.495 
 0.495 
 0.495 
 0.496 
 0.496 
 0.496 
 0.495 
 0.495 
 0.496 
 0.495 
 0.496 
 0.495 
 0.495 
 0.496 
 0.496 
 0.496 
 0.496 
 0.495 
 0.496 
 0.495 
 0.495 
 0.496 
 0.496 
 0.495 
 0.495 
 0.495 
 0.495 
 0.495 
 0.496 
 0.496 
 0.495 
 0.496 
 0.496 
 0.495 
 0.496 
 0.495 
 0.496 
 0.495 
 0.496 
 0.496 
 0.496 
 0.495 
 0.496 
 0.496 
 0.496 
 0.495 
 0.496 
 0.495 
 0.495 
 0.495 
 0.495 
 0.495 
 0.496 
 0.496 
 0.496 
 0.495 
 0.495 
 0.496 
 0.496 
 0.495 
 0.496 
 0.496 
 0.495 
 0.496 
 0.496 
 0.496 
 0.496 
 0.496 
 0.496 
 0.496 
 0.495 
 0.496 
 0.496 
 0.495 
 0.495 
 0.495 
 0.496 
 0.496 
 0.496 
 0.496 
 0.496 
 0.496 
 0.496 
 0.496 
 0.496 
 0.496 
 0.496 
 0.496 
 0.496 
 0.496 
 0.495 
 0.496 
 0.496 
 0.495 
 0.496 
 0.496 
 0.496 
 0.495 
 0.496 
 0.495 
 0.496 
 0.495 
 0.495 
 0.495 
 0.496 
 0.496 
 0.495 
 0.496 
 0.496 
 0.496 
 0.495 
 0.495 
 0.495 
 0.496 
 0.495 
 0.495 
 0.496 
 0.495 
 0.496 
 0.495 
 0.495 
 0.495 
 0.496 
 0.496 
 0.496 
 0.495 
 0.495 
 0.495 
 0.495 
 0.495 
 0.495 
 0.496 
 0.495 
 0.495 
 0.496 
 0.495 
 0.495 
 0.496 
 0.496 
 0.496 
 0.496 
 0.496 
 0.496 
 0.496 
 0.496 
 0.496 
 0.496 
 0.496 
 0.496 
 0.496 
 0.496 
 0.496 
 0.496 
 0.496 
 0.496 
 0.496 
 0.496 
 0.496 
 0.496 
 0.496 
 0.496 
 0.496 
 0.496 
 0.496 
 0.496 
 0.496 
 0.496 
 0.496 
 0.496 
 0.496 
 0.496 
 0.496 
 0.496 
 0.496 
 0.496 
 0.496 
 0.496 
 0.496 
 0.496 
 0.496 
 0.496 
 0.496 
 0.496 
 0.496 
 0.496 
 0.496 
 0.496 
 0.496 
 0.496 
 0.496 
 0.496 
 0.496 
 0.496 
 0.496 
 0.496 
 0.496 
 0.496 
 0.496 
 0.496 
 0.496 
 0.496 
 0.495 
 0.495 
 0.495 
 0.496 
 0.496 
 0.496 
 0.495 
 0.495 
 0.496 
 0.496 
 0.495 
 0.496 
 0.495 
 0.496 
 0.496 
 0.496 
 0.495 
 0.495 
 0.496 
 0.496 
 0.496 
 0.496 
 0.496 
 0.496 
 0.496 
 0.496 
 0.496 
 0.496 
 0.496 
 0.496 
 0.496 
 0.496 
 0.496 
 0.496 
 0.496 
 0.496 
 0.496 
 0.496 
 0.496 
 0.496 
 0.496 
 0.496 
 0.496 
 0.496 
 0.496 
 0.496 
 0.496 
 0.496 
 0.496 
 0.496 
 0.496 
 0.496 
 0.496 
 0.496 
 0.496 
 0.496 
 0.496 
 0.496 
 0.496 
 0.496 
 0.495 
 0.495 
 0.496 
 0.496 
 0.496 
 0.401 
 0.248 
 0.149 
 0.096 
 0.059 
 0.038 
 0.021 
 0.016 
 0.01 
 0.009 
 0.002 
 0.003 
 0.002 
 0.007 
 0.004 
 0.001 
 0.003 
 0.004 
 0.003 
 0.003 
 0.003 
 0.003 
 0.003 
 0.002 
 0.003 
 0.004 
 0.002 
 0.003 
 0.003 
 0.003 
 0.002 
 0.003 
 0.003 
 0.002 
 0.002 
 0.001 
 0.001 
 0.002 
 0.002 
 0.002 
 0.003 
 0.003 
 0.004 
 0.001 
 0.003 
 0.002 
 0.002 
 0.002 
 0 
 0.003 
 0.004 
 0.003 
 0.003 
 0.002 
 0.002 
 0.004 
 0.001 
 0.003 
 0.002 
 0.003 
 0.002 
 0.002 
 0.002 
 0.003 
 0.001 
 0.002 
 0.002 
 0.002 
 0.001 
 0.002 
 0.002 
 0.002 
 0.003 
 0.002 
 0.001 
 0.002 
 0.003 
 0.002 
 0.003 
 0.002 
 0.002 
 0.002 
 0.002 
 0.002 
 0.001 
 0.001 
 0.002 
 0.001 
 0.003 
 0.002 
 0.001 
 0.002 
 0.003 
 0.001 
 0.001 
 0.003 
 0.002 
 0.001 
 0.002 
 0.001 
 0.002 
 0.002 
 0.002 
 0.002 
 0.001 
 0.002 
 0.003 
 0.002 
 0.002 
 0.001 
 0 
 0.001 
 0.002 
 0.002 
 0.002 
 0.002 
 0.002 
 0.001 
 0.002 
 0.002 
 0.002 
 0.001 
 0.002 
 0.001 
 0.001 
 0.002 
 0.002 
 0.001 
 0.001 
 0.002 
 0.003 
 0.002 
 0.002 
 0.001 
 0.002 
 0.002 
 0.001 
 0.001 
 0.002 
 0.001 
 0.003 
 0.002 
 0.002 
 0.001 
 0.002 
 0.002 
 0.002 
 0.003 
 0 
 0.002 
 0.001 
 0.001 
 0.002 
 0.002 
 0.002 
 0.002 
 0.002 
 0.002 
 0.001 
 0.002 
 0.001 
 0.001 
 0.002 
 0.001 
 0.002 
 0.002 
 0.001 
 0.003 
 0.002 
 0.002 
 0.001 
 0.002 
 0.003 
 0.003 
 0.001 
 0.002 
 0 
 0.001 
 0.001 
 0.001 
 0.002 
 0.001 
 0.004 
 0.002 
 0.001 
 0.003 
 0.001 
 0.002 
 0 
 0.003 
 0.001 
 0.002 
 0.001 
 0 
 0.001 
 0.003 
 0.002 
 0.002 
 0.001 
 0.002 
 0.002 
 0.002 
 0.002 
 0.001 
 0.002 
 0.002 
 0.003 
 0.003 
 0.001 
 0 
 0.002 
 0.002 
 0.002 
 0.001 
 0.004 
 0.001 
 0.001 
 0.001 
 0.002 
 0.002 
 0.001 
 0.002 
 0 
 0.001 
 0.001 
 0.003 
 0.001 
 0.002 
 0 
 0.002 
 0.003 
 0.002 
 0 
 0.003 
 0.002 
 0 
 0 
 0 
 0.001 
 0.002 
 0.003 
 0.002 
 0.001 
 0.002 
 0.001 
 0.001 
 0.003 
 0.001 
 0.002 
 0.002 
 0 
 0.001 
 0.002 
 0.002 
 0.001 
 0.001 
 0.001 
 0 
 0.001 
 0.002 
 0.001 
 0.001 
 0.002 
 0.001 
 0.002 
 0.002 
 0.003 
 0 
 0.002 
-0.001 
 0.003 
 0.001 
 0.001 
 0.003 
 0.003 
 0.003 
 0.003 
 0.002 
 0.003 
 0.001 
 0.002 
 0.006 
 0.004 
 0.005 
 0.009 
 0.005 
 0.006 
 0.008 
 0.008 
 0.009 
 0.011 
 0.011 
 0.01 
 0.015 
 0.014 
 0.012 
 0.015 
 0.015 
 0.018 
 0.018 
 0.02 
 0.022 
 0.021 
 0.023 
 0.024 
 0.025 
 0.025 
 0.026 
 0.028 
 0.029 
 0.031 
 0.033 
 0.033 
 0.034 
 0.035 
 0.038 
 0.039 
 0.038 
 0.042 
 0.042 
 0.043 
 0.045 
 0.046 
 0.047 
 0.05 
 0.049 
 0.052 
 0.053 
 0.055 
 0.056 
 0.057 
 0.06 
 0.06 
 0.062 
 0.062 
 0.063 
 0.065 
 0.067 
 0.069 
 0.069 
 0.071 
 0.073 
 0.074 
 0.075 
 0.078 
 0.079 
 0.081 
 0.082 
 0.083 
 0.085 
 0.086 
 0.088 
 0.09 
 0.092 
 0.094 
 0.095 
 0.095 
 0.099 
 0.101 
 0.102 
 0.103 
 0.105 
 0.107 
 0.109 
 0.111 
 0.112 
 0.114 
 0.114 
 0.117 
 0.119 
 0.12 
 0.12 
 0.122 
 0.125 
 0.126 
 0.128 
 0.129 
 0.13 
 0.132 
 0.134 
 0.134 
 0.136 
 0.137 
 0.139 
 0.14 
 0.139 
 0.143 
 0.144 
 0.146 
 0.148 
 0.148 
 0.149 
 0.151 
 0.152 
 0.153 
 0.154 
 0.155 
 0.158 
 0.159 
 0.16 
 0.162 
 0.163 
 0.164 
 0.166 
 0.168 
 0.169 
 0.172 
 0.173 
 0.174 
 0.175 
 0.177 
 0.18 
 0.181 
 0.182 
 0.186 
 0.186 
 0.188 
 0.188 
 0.19 
 0.193 
 0.194 
 0.196 
 0.196 
 0.198 
 0.199 
 0.201 
 0.203 
 0.204 
 0.206 
 0.208 
 0.21 
 0.211 
 0.213 
 0.215 
 0.216 
 0.218 
 0.219 
 0.224 
 0.222 
 0.225 
 0.227 
 0.228 
 0.23 
 0.232 
 0.233 
 0.236 
 0.238 
 0.239 
 0.24 
 0.241 
 0.245 
 0.247 
 0.248 
 0.249 
 0.251 
 0.254 
 0.254 
 0.256 
 0.26 
 0.261 
 0.262 
 0.263 
 0.274 
 0.291 
 0.175 
 0.162 
 0.156 
 0.15 
 0.144 
 0.132 
 0.068 
 0.069 
 0.068 
 0.056 
 0.04 
 0.044 
 0.047 
 0.051 
 0.056 
 0.062 
 0.061 
 0.07 
 0.103 
 0.153 
 0.208 
 0.242 
 0.265 
 0.28 
 0.287 
 0.293 
 0.295 
 0.299 
 0.301 
 0.303 
 0.306 
 0.307 
 0.309 
 0.313 
 0.314 
 0.318 
 0.322 
 0.324 
 0.328 
 0.329 
 0.33 
 0.332 
 0.333 
 0.331 
 0.331 
 0.333 
 0.332 
 0.332 
 0.334 
 0.335 
 0.335 
 0.336 
 0.336 
 0.339 
 0.338 
 0.341 
 0.341 
 0.342 
 0.343 
 0.345 
 0.345 
 0.351 
 0.349 
 0.352 
 0.354 
 0.354 
 0.357 
 0.359 
 0.361 
 0.362 
 0.365 
 0.367 
 0.369 
 0.368 
 0.368 
 0.37 
 0.369 
 0.371 
 0.372 
 0.374 
 0.375 
 0.376 
 0.375 
 0.376 
 0.377 
 0.378 
 0.379 
 0.381 
 0.381 
 0.383 
 0.386 
 0.388 
 0.395 
 0.391 
 0.398 
 0.399 
 0.403 
 0.407 
 0.404 
 0.409 
 0.407 
 0.406 
 0.407 
 0.404 
 0.413 
 0.496 
 0.327 
 0.343 
 0.355 
 0.363 
 0.248 
 0.157 
 0.104 
 0.062 
 0.039 
 0.024 
 0.015 
 0.009 
 0.005 
 0.003 
 0.004 
 0.003 
 0.001 
 0.001 
 0.001 
 0.003 
 0.004 
 0.002 
 0 
 0.003 
 0.003 
 0.001 
 0.002 
 0.003 
 0.001 
 0.002 
 0.002 
 0.001 
 0.001 
 0.001 
 0.001 
 0 
 0 
 0.002 
 0.001 
 0.003 
 0 
 0.002 
 0.001 
 0.001 
 0.001 
-0.001 
 0.002 
 0.002 
 0.001 
 0.001 
 0 
 0.001 
 0.001 
 0.002 
 0.001 
 0.001 
 0.001 
 0 
 0.002 
-0.001 
 0.003 
 0.001 
 0.003 
 0.002 
 0.003 
 0.003 
 0.002 
 0.003 
 0.002 
 0.002 
 0.002 
 0.002 
 0.001 
 0.002 
 0 
 0.002 
 0.001 
 0.001 
-0.001 
 0.001 
 0 
 0.003 
 0 
 0 
 0.044 
 0.004 
 0.029 
 0.038 
 0.067 
 0.071 
 0.085 
 0.059 
 0.052 
