The Collection Interval for this data is: 15 minutes
 6.76 
 6.765 
 6.797 
 6.812 
 6.82 
 6.823 
 6.838 
 6.835 
 6.841 
 6.839 
 6.845 
 6.859 
 6.848 
 6.856 
 6.861 
 6.853 
 6.855 
 6.858 
 6.86 
 6.861 
 6.862 
 6.859 
 6.859 
 6.87 
 6.862 
 6.859 
 6.862 
 6.872 
 6.863 
 6.857 
 6.858 
 6.842 
 6.846 
 6.85 
 6.847 
 6.849 
 6.847 
 6.848 
 6.853 
 6.852 
 6.849 
 6.846 
 6.849 
 6.856 
 6.853 
 6.842 
 6.855 
 6.848 
 6.852 
 6.854 
 6.845 
 6.852 
 6.85 
 6.855 
 6.86 
 6.855 
 6.859 
 6.854 
 6.859 
 6.864 
 6.855 
 6.862 
 6.865 
 6.868 
 6.869 
 6.858 
 6.861 
 6.868 
 6.867 
 6.868 
 6.872 
 6.869 
 6.874 
 6.87 
 6.871 
 6.877 
 6.867 
 6.874 
 6.88 
 6.878 
 6.876 
 6.88 
 6.891 
 6.888 
 6.894 
 6.887 
 6.897 
 6.888 
 6.898 
 6.896 
 6.895 
 6.897 
 6.902 
 6.894 
 6.894 
 6.893 
 6.893 
 6.768 
 6.763 
 6.742 
 6.739 
 6.733 
 6.736 
 6.725 
 6.726 
 6.718 
 6.727 
 6.72 
 6.717 
 6.722 
 6.71 
 6.713 
 6.707 
 6.71 
 6.709 
 6.703 
 6.71 
 6.704 
 6.705 
 6.702 
 6.712 
 6.701 
 6.711 
 6.7 
 6.7 
 6.708 
 6.707 
 6.696 
 6.704 
 6.699 
 6.703 
 6.694 
 6.701 
 6.695 
 6.703 
 6.695 
 6.693 
 6.696 
 6.692 
 6.699 
 6.695 
 6.69 
 6.692 
 6.701 
 6.697 
 6.689 
 6.69 
 6.693 
 6.702 
 6.697 
 6.693 
 6.693 
 6.696 
 6.69 
 6.696 
 6.691 
 6.697 
 6.693 
 6.696 
 6.695 
 6.695 
 6.7 
 6.702 
 6.688 
 6.69 
 6.701 
 6.692 
 6.701 
 6.689 
 6.693 
 6.694 
 6.698 
 6.699 
 6.692 
 6.692 
 6.69 
 6.702 
 6.695 
 6.696 
 6.692 
 6.697 
 6.696 
 6.704 
 6.694 
 6.704 
 6.701 
 6.696 
 6.695 
 6.701 
 6.695 
 6.704 
 6.701 
 6.696 
 6.706 
 6.696 
 6.698 
 6.696 
 6.698 
 6.707 
 6.7 
 6.709 
 6.709 
 6.709 
 6.698 
 6.701 
 6.699 
 6.701 
 6.698 
 6.705 
 6.708 
 6.71 
 6.71 
 6.707 
 6.704 
 6.71 
 6.706 
 6.704 
 6.703 
 6.708 
 6.7 
 6.705 
 6.699 
 6.706 
 6.708 
 6.711 
 6.704 
 6.697 
 6.708 
 6.705 
 6.71 
 6.703 
 6.696 
 6.699 
 6.703 
 6.702 
 6.696 
 6.7 
 6.703 
 6.709 
 6.709 
 6.695 
 6.705 
 6.698 
 6.703 
 6.696 
 6.694 
 6.704 
 6.698 
 6.707 
 6.703 
 6.695 
 6.703 
 6.697 
 6.697 
 6.698 
 6.704 
 6.707 
 6.701 
 6.697 
 6.692 
 6.698 
 6.699 
 6.704 
 6.698 
 6.694 
 6.696 
 6.698 
 6.698 
 6.701 
 6.697 
 6.705 
 6.694 
 6.705 
 6.707 
 6.696 
 6.705 
 6.707 
 6.695 
 6.699 
 6.695 
 6.707 
 6.697 
 6.708 
 6.698 
 6.699 
 6.696 
 6.7 
 6.699 
 6.7 
 6.704 
 6.702 
 6.708 
 6.707 
 6.702 
 6.707 
 6.701 
 6.71 
 6.705 
 6.698 
 6.708 
 6.71 
 6.699 
 6.706 
 6.709 
 6.705 
 6.71 
 6.71 
 6.698 
 6.71 
 6.704 
 6.71 
 6.701 
 6.712 
 6.701 
 6.706 
 6.706 
 6.709 
 6.707 
 6.701 
 6.705 
 6.715 
 6.707 
 6.709 
 6.71 
 6.704 
 6.703 
 6.712 
 6.709 
 6.701 
 6.704 
 6.712 
 6.7 
 6.705 
 6.703 
 6.702 
 6.701 
 6.699 
 6.701 
 6.707 
 6.705 
 6.706 
 6.708 
 6.701 
 6.703 
 6.703 
 6.7 
 6.698 
 6.705 
 6.711 
 6.7 
 6.697 
 6.708 
 6.704 
 6.71 
 6.702 
 6.706 
 6.71 
 6.699 
 6.708 
 6.705 
 6.701 
 6.709 
 6.709 
 6.704 
 6.703 
 6.707 
 6.698 
 6.708 
 6.707 
 6.703 
 6.709 
 6.708 
 6.706 
 6.699 
 6.707 
 6.698 
 6.697 
 6.698 
 6.709 
 6.699 
 6.699 
 6.703 
 6.709 
 6.699 
 6.706 
 6.707 
 6.698 
 6.698 
 6.698 
 6.709 
 6.703 
 6.709 
 6.704 
 6.701 
 6.704 
 6.698 
 6.707 
 6.699 
 6.701 
 6.705 
 6.704 
 6.708 
 6.7 
 6.705 
 6.7 
 6.702 
 6.701 
 6.71 
 6.701 
 6.701 
 6.709 
 6.707 
 6.705 
 6.699 
 6.709 
 6.706 
 6.708 
 6.698 
 6.702 
 6.699 
 6.706 
 6.698 
 6.708 
 6.708 
 6.697 
 6.696 
 6.711 
 6.701 
 6.707 
 6.697 
 6.71 
 6.702 
 6.697 
 6.703 
 6.708 
 6.703 
 6.7 
 6.706 
 6.706 
 6.709 
 6.694 
 6.702 
 6.7 
 6.702 
 6.706 
 6.702 
 6.699 
 6.699 
 6.7 
 6.704 
 6.702 
 6.706 
 6.695 
 6.707 
 6.706 
 6.71 
 6.695 
 6.704 
 6.699 
 6.702 
 6.698 
 6.698 
 6.707 
 6.707 
 6.71 
 6.704 
 6.701 
 6.705 
 6.711 
 6.704 
 6.701 
 6.705 
 6.711 
 6.705 
 6.703 
 6.701 
 6.708 
 6.701 
 6.713 
 6.701 
 6.705 
 6.705 
 6.702 
 6.712 
 6.714 
 6.712 
 6.703 
 6.705 
 6.712 
 6.713 
 6.714 
 6.71 
 6.712 
 6.709 
 6.707 
 6.717 
 6.706 
 6.709 
 6.708 
 6.71 
 6.715 
 6.717 
 6.71 
 6.713 
 6.707 
 6.709 
 6.707 
 6.71 
 6.709 
 6.707 
 6.717 
 6.716 
 6.718 
 6.707 
 6.71 
 6.717 
 6.706 
 6.716 
 6.708 
 6.713 
 6.715 
 6.71 
 6.716 
 6.709 
 6.713 
 6.709 
 6.704 
 6.709 
 6.72 
 6.709 
 6.714 
 6.716 
 6.715 
 6.707 
 6.714 
 6.705 
 6.705 
 6.706 
 6.712 
 6.706 
 6.709 
 6.715 
 6.716 
 6.718 
 6.705 
 6.703 
 6.711 
 6.711 
 6.706 
 6.707 
 6.709 
 6.716 
 6.708 
 6.706 
 6.71 
 6.712 
 6.708 
 6.709 
 6.714 
 6.713 
 6.713 
 6.707 
 6.706 
 6.717 
 6.713 
 6.718 
 6.713 
 6.708 
 6.708 
 6.707 
 6.708 
 6.713 
 6.709 
 6.713 
 6.716 
 6.708 
 6.711 
 6.709 
 6.72 
 6.718 
 6.714 
 6.716 
 6.71 
 6.71 
 6.711 
 6.719 
 6.722 
 6.715 
 6.711 
 6.711 
 6.712 
 6.712 
 6.723 
 6.712 
 6.713 
 6.712 
 6.715 
 6.722 
 6.715 
 6.715 
 6.717 
 6.718 
 6.723 
 6.725 
 6.716 
 6.722 
 6.724 
 6.714 
 6.725 
 6.724 
 6.713 
 6.722 
 6.714 
 6.717 
 6.715 
 6.721 
 6.715 
 6.72 
 6.714 
 6.724 
 6.725 
 6.712 
 6.714 
 6.72 
 6.717 
 6.715 
 6.714 
 6.719 
 6.716 
 6.712 
 6.714 
 6.723 
 6.711 
 6.714 
 6.719 
 6.723 
 6.712 
 6.715 
 6.72 
 6.711 
 6.722 
 6.711 
 6.713 
 6.712 
 6.711 
 6.72 
 6.713 
 6.719 
 6.715 
 6.713 
 6.721 
 6.713 
 6.722 
 6.713 
 6.721 
 6.721 
 6.715 
 6.723 
 6.723 
 6.723 
 6.711 
 6.718 
 6.722 
 6.713 
 6.721 
 6.718 
 6.722 
 6.718 
 6.724 
 6.713 
 6.713 
 6.714 
 6.712 
 6.714 
 6.713 
 6.722 
 6.713 
 6.713 
 6.713 
 6.725 
 6.722 
 6.72 
 6.719 
 6.714 
 6.723 
 6.725 
 6.725 
 6.713 
 6.723 
 6.715 
 6.717 
 6.725 
 6.725 
 6.713 
 6.718 
 6.714 
 6.724 
 6.722 
 6.724 
 6.725 
 6.718 
 6.714 
 6.72 
 6.72 
 6.721 
 6.724 
 6.714 
 6.722 
 6.723 
 6.716 
 6.722 
 6.713 
 6.713 
 6.719 
 6.718 
 6.72 
 6.713 
 6.724 
 6.712 
 6.719 
 6.717 
 6.715 
 6.714 
 6.718 
 6.713 
 6.721 
 6.714 
 6.718 
 6.723 
 6.712 
 6.718 
 6.72 
 6.722 
 6.721 
 6.719 
 6.721 
 6.713 
 6.711 
 6.718 
 6.712 
 6.712 
 6.717 
 6.711 
 6.723 
 6.714 
 6.717 
 6.714 
 6.713 
 6.712 
 6.72 
 6.713 
 6.712 
 6.71 
 6.722 
 6.713 
 6.719 
 6.723 
 6.719 
 6.722 
 6.721 
 6.711 
 6.712 
 6.718 
 6.723 
 6.721 
 6.711 
 6.711 
 6.723 
 6.714 
 6.711 
 6.722 
 6.714 
 6.713 
 6.711 
 6.716 
 6.715 
 6.712 
 6.712 
 6.722 
 6.711 
 6.711 
 6.72 
 6.722 
 6.721 
 6.718 
 6.719 
 6.716 
 6.71 
 6.711 
 6.72 
 6.716 
 6.713 
 6.714 
 6.717 
 6.708 
 6.713 
 6.706 
 6.708 
 6.716 
 6.713 
 6.709 
 6.715 
 6.708 
 6.709 
 6.709 
 6.717 
 6.707 
 6.715 
 6.708 
 6.72 
 6.72 
 6.719 
 6.705 
 6.707 
 6.719 
 6.706 
 6.705 
 6.706 
 6.714 
 6.71 
 6.713 
 6.705 
 6.711 
 6.711 
 6.704 
 6.713 
 6.703 
 6.71 
 6.702 
 6.709 
 6.703 
 6.699 
 6.699 
 6.704 
 6.712 
 6.711 
 6.707 
 6.709 
 6.707 
 6.706 
 6.709 
 6.706 
 6.703 
 6.71 
 6.712 
 6.703 
 6.699 
 6.703 
 6.707 
 6.71 
 6.703 
 6.707 
 6.704 
 6.703 
 6.709 
 6.7 
 6.705 
 6.709 
 6.707 
 6.711 
 6.702 
 6.702 
 6.711 
 6.699 
 6.712 
 6.715 
 6.708 
 6.711 
 6.713 
 6.714 
 6.724 
 6.718 
 6.724 
 6.717 
 6.731 
 6.727 
 6.731 
 6.728 
 6.729 
 6.734 
 6.772 
 6.803 
 6.816 
 6.824 
 6.836 
 6.845 
 6.842 
 6.844 
 6.854 
 6.844 
 6.855 
 6.852 
 6.851 
 6.852 
 6.855 
 6.847 
 6.849 
 6.843 
 6.843 
 6.844 
 6.854 
 6.844 
 6.854 
 6.853 
 6.843 
 6.853 
 6.851 
 6.855 
 6.855 
 6.856 
 6.856 
 6.858 
 6.853 
 6.858 
 6.858 
 6.86 
 6.86 
 6.853 
 6.854 
 6.861 
 6.861 
 6.862 
 6.856 
 6.851 
 6.862 
 6.865 
 6.866 
 6.86 
 6.854 
 6.858 
 6.861 
 6.856 
 6.866 
 6.866 
 6.858 
 6.864 
 6.859 
 6.86 
 6.858 
 6.871 
 6.863 
 6.875 
 6.876 
 6.873 
 6.87 
 6.873 
 6.877 
 6.869 
 6.88 
 6.873 
 6.88 
 6.869 
 6.868 
 6.878 
 6.872 
 6.862 
 6.871 
 6.875 
 6.865 
 6.865 
 6.874 
 6.869 
 6.866 
 6.875 
 6.866 
 6.862 
 6.869 
 6.864 
 6.87 
 6.871 
 6.871 
 6.867 
 6.825 
 6.813 
 6.801 
 6.801 
 6.798 
 6.795 
 6.791 
 6.784 
 6.79 
 6.784 
 6.788 
 6.792 
 6.781 
 6.785 
 6.782 
 6.785 
 6.777 
 6.788 
 6.778 
 6.775 
 6.777 
 6.776 
 6.787 
 6.78 
 6.775 
 6.782 
 6.785 
 6.785 
 6.775 
 6.786 
 6.784 
 6.783 
 6.778 
 6.774 
 6.785 
 6.781 
 6.773 
 6.778 
 6.779 
 6.774 
 6.783 
 6.773 
 6.777 
 6.783 
 6.773 
 6.775 
 6.783 
 6.783 
 6.783 
 6.782 
 6.774 
 6.772 
 6.773 
 6.782 
 6.772 
 6.773 
 6.774 
 6.773 
 6.773 
 6.776 
 6.772 
 6.782 
 6.772 
 6.772 
 6.783 
 6.772 
 6.773 
 6.772 
 6.779 
 6.775 
 6.775 
 6.779 
 6.771 
 6.771 
 6.772 
 6.771 
 6.774 
 6.778 
 6.778 
 6.772 
 6.779 
 6.78 
 6.77 
 6.77 
 6.772 
 6.775 
 6.775 
 6.78 
 6.774 
 6.77 
 6.772 
 6.782 
 6.776 
 6.779 
 6.778 
 6.775 
 6.776 
 6.77 
 6.782 
 6.781 
 6.774 
 6.772 
 6.777 
 6.781 
 6.781 
 6.781 
 6.777 
 6.774 
 6.781 
 6.77 
 6.778 
 6.773 
 6.77 
 6.768 
 6.777 
 6.774 
 6.772 
 6.776 
 6.777 
 6.77 
 6.777 
 6.77 
 6.78 
 6.773 
 6.78 
 6.772 
 6.77 
 6.779 
 6.78 
 6.77 
 6.776 
 6.778 
 6.779 
 6.782 
 6.782 
 6.782 
 6.772 
 6.77 
 6.771 
 6.776 
 6.779 
 6.773 
 6.779 
 6.781 
 6.775 
 6.771 
 6.773 
 6.782 
 6.77 
 6.78 
 6.771 
 6.77 
 6.78 
 6.773 
 6.78 
 6.77 
 6.775 
 6.782 
 6.781 
 6.782 
 6.771 
 6.781 
 6.773 
 6.77 
 6.771 
 6.775 
 6.774 
 6.778 
 6.78 
 6.782 
 6.782 
 6.776 
 6.77 
 6.777 
 6.777 
 6.773 
 6.775 
 6.779 
 6.782 
 6.782 
 6.781 
 6.771 
 6.78 
 6.771 
 6.776 
 6.773 
 6.783 
 6.783 
 6.776 
 6.781 
 6.773 
 6.78 
 6.772 
 6.772 
 6.773 
 6.776 
 6.772 
 6.778 
 6.78 
 6.784 
 6.78 
 6.773 
 6.774 
 6.773 
 6.779 
 6.782 
 6.783 
 6.782 
 6.784 
 6.782 
 6.774 
 6.78 
 6.776 
 6.783 
 6.783 
 6.784 
 6.777 
 6.782 
 6.775 
 6.775 
 6.78 
 6.784 
 6.784 
 6.784 
 6.784 
 6.776 
 6.784 
 6.773 
 6.78 
 6.774 
 6.784 
 6.773 
 6.783 
 6.777 
 6.781 
 6.773 
 6.779 
 6.778 
 6.775 
 6.781 
 6.775 
 6.783 
 6.775 
 6.784 
 6.777 
 6.785 
 6.778 
 6.778 
 6.783 
 6.775 
 6.784 
 6.783 
 6.78 
 6.775 
 6.783 
 6.774 
 6.777 
 6.779 
 6.783 
 6.784 
 6.779 
 6.775 
 6.775 
 6.777 
 6.78 
 6.785 
 6.786 
 6.781 
 6.781 
 6.777 
 6.782 
 6.785 
 6.78 
 6.783 
 6.78 
 6.782 
 6.785 
 6.778 
 6.785 
 6.789 
 6.784 
 6.785 
 6.789 
 6.779 
 6.78 
 6.789 
 6.778 
 6.781 
 6.784 
 6.778 
 6.779 
 6.789 
 6.78 
 6.783 
 6.779 
 6.79 
 6.785 
 6.789 
 6.789 
 6.784 
 6.79 
 6.79 
 6.779 
 6.791 
 6.789 
 6.78 
 6.783 
 6.79 
 6.78 
 6.779 
 6.785 
 6.787 
 6.79 
 6.79 
 6.787 
 6.788 
 6.78 
 6.788 
 6.791 
 6.785 
 6.791 
 6.78 
 6.78 
 6.787 
 6.789 
 6.78 
 6.79 
 6.782 
 6.793 
 6.793 
 6.789 
 6.781 
 6.792 
 6.791 
 6.793 
 6.793 
 6.785 
 6.783 
 6.785 
 6.782 
 6.782 
 6.784 
 6.783 
 6.794 
 6.787 
 6.796 
 6.794 
 6.783 
 6.783 
 6.788 
 6.784 
 6.795 
 6.792 
 6.794 
 6.785 
 6.796 
 6.789 
 6.789 
 6.788 
 6.787 
 6.792 
 6.789 
 6.799 
 6.789 
 6.798 
 6.789 
 6.792 
 6.791 
 6.793 
 6.796 
 6.79 
 6.798 
 6.794 
 6.791 
 6.801 
 6.802 
 6.792 
 6.791 
 6.8 
 6.792 
 6.803 
 6.796 
 6.797 
 6.793 
 6.796 
 6.794 
 6.796 
 6.794 
 6.804 
 6.795 
 6.795 
 6.794 
 6.802 
 6.801 
 6.795 
 6.804 
 6.805 
 6.793 
 6.797 
 6.799 
 6.801 
 6.799 
 6.801 
 6.794 
 6.8 
 6.793 
 6.795 
 6.801 
 6.802 
 6.793 
 6.802 
 6.798 
 6.803 
 6.8 
 6.797 
 6.792 
 6.799 
 6.8 
 6.804 
 6.8 
 6.797 
 6.793 
 6.794 
 6.796 
 6.798 
 6.793 
 6.792 
 6.796 
 6.792 
 6.801 
 6.801 
 6.801 
 6.798 
 6.793 
 6.8 
 6.802 
 6.801 
 6.796 
 6.795 
 6.794 
 6.798 
 6.799 
 6.803 
 6.793 
 6.799 
 6.798 
 6.804 
 6.805 
 6.799 
 6.799 
 6.805 
 6.796 
 6.795 
 6.8 
 6.803 
 6.794 
 6.796 
 6.804 
 6.805 
 6.805 
 6.795 
 6.805 
 6.802 
 6.796 
 6.795 
 6.793 
 6.826 
 6.836 
 6.844 
 6.847 
 6.869 
 6.863 
 6.875 
 6.879 
 6.87 
 6.875 
 6.875 
 6.878 
 6.882 
 6.874 
 6.874 
 6.874 
 6.885 
 6.878 
 6.882 
 6.88 
 6.877 
 6.886 
 6.882 
 6.881 
 6.877 
 6.883 
 6.89 
 6.878 
 6.886 
 6.878 
 6.879 
 6.889 
 6.89 
 6.89 
 6.878 
 6.88 
 6.883 
 6.879 
 6.881 
 6.88 
 6.888 
 6.885 
 6.88 
 6.89 
 6.891 
 6.89 
 6.891 
 6.88 
 6.889 
 6.879 
 6.883 
 6.89 
 6.889 
 6.883 
 6.886 
 6.887 
 6.88 
 6.888 
 6.885 
 6.887 
 6.892 
 6.88 
 6.88 
 6.89 
 6.89 
 6.889 
 6.883 
 6.889 
 6.881 
 6.883 
 6.891 
 6.881 
 6.891 
 6.88 
 6.89 
 6.881 
 6.885 
 6.892 
 6.889 
 6.883 
 6.887 
 6.893 
 6.885 
 6.883 
 6.885 
 6.882 
 6.887 
 6.885 
 6.891 
 6.883 
 6.892 
 6.882 
 6.891 
 6.879 
 6.883 
 6.889 
 6.889 
 6.88 
 6.878 
 6.877 
 6.888 
 6.88 
 6.877 
 6.89 
 6.888 
 6.921 
 6.888 
 6.871 
 6.862 
 6.845 
 6.844 
 6.836 
 6.837 
 6.842 
 6.829 
 6.831 
 6.829 
 6.823 
 6.825 
 6.829 
 6.816 
 6.814 
 6.811 
 6.812 
 6.808 
 6.807 
 6.816 
 6.814 
 6.804 
 6.805 
 6.812 
 6.81 
 6.807 
 6.799 
 6.798 
 6.803 
 6.802 
 6.798 
 6.796 
 6.798 
 6.803 
 6.794 
 6.801 
 6.795 
 6.792 
 6.795 
 6.8 
 6.791 
 6.791 
 6.799 
 6.799 
 6.794 
 6.8 
 6.79 
 6.79 
 6.789 
 6.793 
 6.788 
 6.788 
 6.799 
 6.797 
 6.788 
 6.797 
 6.787 
 6.792 
 6.785 
 6.785 
 6.785 
 6.788 
 6.793 
 6.795 
 6.788 
 6.784 
 6.785 
 6.788 
 6.793 
 6.782 
 6.793 
 6.785 
 6.79 
 6.783 
 6.793 
 6.788 
 6.805 
 6.841 
 6.837 
 6.848 
 6.863 
 6.875 
 6.877 
 6.952 
 6.844 
 6.829 
 6.833 
 6.867 
 6.867 
 6.89 
 6.859 
 6.833 
