The Collection Interval for this data is: 15 minutes
 111.755 
 114.549 
 117.831 
 117.219 
 117.404 
 117.839 
 117.16 
 117.194 
 115.88 
 117.564 
 115.141 
 115.04 
 114.557 
 113.381 
 112.634 
 112.545 
 112.283 
 112.166 
 112.23 
 115.455 
 115.685 
 115.857 
 115.533 
 114.365 
 114.322 
 113.996 
 114.38 
 113.823 
 113.946 
 114.433 
 114.46 
 114.303 
 113.99 
 113.14 
 114.051 
 114.557 
 114.287 
 113.817 
 113.865 
 112.685 
 113.99 
 113.377 
 113.283 
 113.935 
 113.91 
 114.532 
 113.918 
 113.857 
 113.721 
 114.147 
 114.058 
 113.812 
 113.859 
 114.519 
 114.428 
 114.185 
 113.937 
 113.688 
 113.969 
 112.627 
 113.922 
 113.783 
 113.927 
 113.679 
 113.631 
 114.047 
 113.95 
 113.54 
 113.633 
 113.776 
 114.087 
 113.942 
 112.647 
 114.316 
 113.802 
 113.954 
 112.831 
 112.712 
 112.596 
 113.203 
 113.912 
 113.402 
 113.889 
 113.537 
 113.514 
 113.214 
 112.543 
 113.374 
 113.226 
 113.279 
 113.264 
 113.867 
 114.354 
 115.63 
 109.874 
 110.585 
 109.576 
 108.008 
 99.535 
 103.475 
 106.154 
 105.72 
 108.873 
 108.554 
 109.258 
 107.487 
 105.414 
 107.31 
 107.051 
 106.666 
 105.003 
 97.753 
 99.603 
 104.135 
 106.311 
 106.751 
 103.511 
 102.26 
 104.755 
 105.358 
 106.501 
 106.205 
 108.078 
 109.17 
 109.908 
 111.045 
 110.278 
 110.628 
 110.014 
 109.405 
 109.942 
 112.236 
 113.266 
 111.785 
 109.396 
 111.684 
 113.199 
 112.56 
 111.273 
 111.425 
 115.253 
 116.585 
 114.348 
 113.673 
 115.317 
 114.083 
 114.411 
 114.737 
 114.858 
 116.286 
 118.345 
 116.436 
 115.082 
 115.795 
 118.878 
 118.127 
 117.264 
 117.702 
 118.948 
 118.684 
 117.74 
 118.354 
 117.877 
 118.498 
 118.734 
 118.493 
 118.385 
 118.33 
 118.855 
 118.46 
 117.776 
 117.877 
 117.985 
 118.271 
 117.93 
 118.409 
 118.485 
 117.937 
 118.335 
 118.462 
 118.866 
 118.339 
 119.014 
 118.462 
 118.44 
 118.277 
 118.368 
 119.06 
 118.931 
 118.984 
 118.925 
 119.744 
 118.955 
 118.436 
 118.515 
 100.822 
 104.212 
 104.351 
 106.055 
 106.033 
 106.643 
 106.827 
 107.47 
 106.732 
 106.704 
 106.842 
 106.679 
 107.295 
 107.701 
 104.48 
 104.421 
 105.102 
 104.878 
 104.87 
 104.303 
 104.288 
 104.887 
 105.426 
 104.903 
 104.377 
 105.557 
 105.401 
 105.621 
 105.587 
 104.971 
 104.887 
 104.95 
 105.824 
 104.874 
 105.407 
 104.903 
 105.14 
 105.039 
 104.891 
 105.329 
 105.481 
 105.469 
 105.433 
 104.218 
 104.872 
 105.028 
 105.435 
 105.27 
 104.317 
 104.906 
 105.572 
 105.424 
 104.903 
 104.916 
 105.593 
 106.097 
 105.517 
 105.329 
 105.553 
 106.228 
 106.158 
 105.887 
 105.619 
 105.547 
 106.205 
 106.051 
 105.589 
 105.705 
 105.591 
 106.698 
 105.49 
 105.086 
 106.755 
 107.329 
 107.293 
 107.174 
 107.09 
 107.377 
 107.166 
 107.348 
 106.69 
 106.835 
 107.458 
 106.753 
 107.29 
 106.762 
 106.742 
 106.675 
 106.658 
 107.362 
 106.823 
 106.874 
 106.027 
 106.025 
 106.019 
 106.025 
 105.9 
 105.945 
 105.669 
 105.881 
 105.519 
 105.974 
 106.207 
 106.124 
 106.173 
 106.561 
 105.386 
 105.54 
 105.464 
 105.401 
 105.636 
 105.411 
 105.469 
 105.433 
 105.447 
 105.441 
 105.38 
 106.061 
 105.526 
 105.378 
 105.359 
 105.959 
 106.031 
 105.593 
 105.604 
 104.715 
 104.802 
 105.202 
 104.937 
 104.98 
 104.404 
 104.167 
 104.952 
 105.729 
 104.8 
 104.859 
 104.899 
 105.462 
 104.986 
 104.81 
 104.959 
 105.469 
 105.549 
 104.224 
 104.154 
 104.152 
 105.259 
 104.81 
 104.142 
 104.224 
 104.927 
 104.264 
 104.772 
 104.04 
 103.799 
 105.05 
 104.861 
 104.806 
 103.617 
 104.633 
 105.333 
 104.829 
 104.355 
 104.753 
 104.922 
 105.483 
 104.865 
 104.739 
 104.256 
 104.381 
 104.258 
 104.248 
 104.641 
 104.294 
 104.283 
 104.319 
 104.667 
 104.743 
 105.312 
 104.982 
 104.914 
 105.039 
 105.42 
 105.16 
 105.371 
 104.846 
 105.242 
 104.91 
 104.897 
 105.022 
 105.435 
 104.956 
 105.026 
 104.935 
 104.882 
 105.037 
 105.485 
 105.331 
 104.84 
 105.113 
 105.392 
 104.969 
 105.375 
 104.802 
 104.827 
 104.978 
 104.965 
 105.392 
 105.346 
 104.986 
 105.155 
 105.354 
 104.908 
 105.373 
 105.35 
 105.852 
 105.468 
 106.078 
 105.445 
 106.141 
 105.407 
 106.11 
 105.638 
 104.474 
 105.318 
 105.82 
 106.019 
 104.743 
 104.544 
 105.46 
 105.088 
 104.074 
 104.757 
 105.026 
 105.435 
 104.148 
 103.92 
 105.253 
 104.885 
 104.29 
 104.127 
 104.978 
 105.079 
 104.427 
 104.118 
 105.394 
 104.893 
 104.336 
 104.317 
 105.193 
 105.591 
 104.976 
 104.152 
 104.311 
 104.857 
 103.831 
 103.503 
 104.328 
 104.897 
 104.713 
 103.852 
 104.8 
 104.849 
 104.127 
 103.693 
 104.154 
 104.283 
 104.218 
 104.506 
 104.212 
 104.736 
 104.785 
 104.264 
 104.757 
 104.123 
 104.152 
 104.129 
 104.755 
 104.529 
 104.381 
 104.207 
 104.808 
 104.741 
 104.836 
 104.787 
 104.893 
 104.186 
 104.762 
 104.595 
 104.366 
 104.851 
 105.009 
 105.373 
 105.479 
 105.358 
 105.414 
 105.547 
 105.511 
 105.492 
 105.464 
 105.479 
 105.377 
 105.2 
 105.513 
 105.35 
 105.149 
 105.915 
 105.705 
 105.477 
 105.354 
 105.642 
 105.511 
 105.469 
 106.201 
 106 
 105.708 
 106.156 
 105.568 
 105.71 
 104.802 
 104.94 
 105.871 
 105.942 
 105.53 
 104.804 
 104.461 
 105.289 
 105.587 
 104.863 
 103.894 
 104.252 
 105.397 
 105.653 
 104.899 
 104.032 
 104.899 
 105.524 
 105.45 
 104.954 
 104.973 
 105.581 
 105.454 
 104.844 
 104.294 
 104.582 
 105.172 
 106.163 
 105.705 
 105.43 
 105.475 
 105.606 
 105.1 
 104.459 
 104.554 
 106.084 
 105.651 
 104.83 
 104.415 
 104.95 
 105.098 
 105.505 
 104.482 
 105.102 
 104.823 
 104.766 
 105.018 
 105.339 
 105.409 
 105.166 
 105.267 
 104.853 
 105.572 
 105.16 
 105.515 
 105.128 
 105.413 
 105.416 
 105.598 
 105.883 
 105.879 
 106.023 
 105.511 
 105.83 
 105.995 
 106.139 
 106.131 
 105.754 
 101.649 
 102.817 
 103.384 
 102.984 
 103.701 
 103.422 
 103.594 
 103.583 
 103.733 
 103.704 
 103.911 
 103.676 
 103.96 
 103.61 
 104.186 
 103.63 
 103.898 
 104.154 
 103.5 
 103.316 
 103.759 
 103.896 
 104.372 
 104.193 
 104.296 
 104.292 
 103.335 
 102.938 
 102.923 
 103.619 
 103.316 
 102.988 
 102.927 
 103.016 
 104.072 
 104.12 
 103.082 
 102.885 
 102.849 
 103.524 
 104.165 
 103.566 
 103.695 
 102.853 
 103.325 
 104.125 
 104.055 
 103.475 
 103.316 
 103.162 
 103.537 
 103.549 
 103.6 
 103.001 
 102.624 
 103.177 
 103.592 
 103.924 
 102.732 
 102.559 
 102.902 
 103.67 
 102.942 
 102.853 
 102.957 
 102.999 
 103.037 
 103.496 
 103.045 
 103.014 
 102.931 
 103.56 
 103.539 
 103.655 
 103.623 
 104.131 
 103.958 
 103.767 
 103.939 
 104.12 
 104.694 
 103.725 
 103.517 
 104.023 
 103.517 
 103.467 
 103.638 
 103.611 
 102.944 
 104.76 
 104.224 
 103.909 
 103.714 
 104.267 
 103.649 
 104.169 
 104.218 
 103.617 
 104.237 
 104.226 
 104.123 
 104.241 
 104.281 
 104.214 
 104.144 
 104.485 
 103.92 
 104.152 
 104.089 
 104.324 
 104.603 
 104.129 
 104.108 
 104.188 
 104.146 
 104.175 
 104.269 
 104.125 
 104.842 
 104.791 
 104.271 
 103.553 
 103.16 
 103.477 
 104.292 
 103.505 
 103.439 
 103.545 
 103.482 
 103.38 
 103.642 
 104.237 
 104.552 
 103.761 
 103.481 
 103.763 
 103.79 
 104.612 
 104.212 
 103.644 
 103.486 
 103.469 
 103.539 
 103.515 
 104.679 
 104.963 
 103.975 
 103.964 
 103.682 
 103.632 
 103.16 
 103.613 
 104.552 
 103.898 
 103.636 
 103.373 
 103.575 
 103.581 
 103.598 
 104.867 
 104.317 
 103.572 
 104.266 
 104.281 
 103.93 
 103.634 
 103.816 
 103.589 
 103.685 
 104.269 
 104.518 
 104.647 
 104.292 
 104.286 
 103.651 
 103.481 
 103.553 
 102.851 
 102.868 
 102.935 
 103.439 
 102.821 
 103.537 
 103.697 
 104.539 
 104.717 
 103.524 
 103.062 
 103.257 
 103.304 
 103.526 
 103.608 
 102.832 
 105.075 
 103.672 
 103.63 
 103.644 
 103.623 
 103.556 
 102.946 
 102.379 
 102.838 
 103.183 
 103.289 
 102.952 
 103.056 
 102.974 
 100.83 
 100.781 
 100.538 
 100.9 
 100.913 
 100.912 
 100.944 
 101.179 
 102.273 
 102.811 
 102.845 
 102.825 
 103.501 
 106.146 
 105.612 
 105.585 
 106.757 
 106.179 
 108.002 
 106.757 
 106.084 
 106.47 
 107.377 
 108.082 
 108.175 
 107.553 
 106.912 
 107.532 
 108.292 
 108.672 
 107.115 
 107.189 
 107.437 
 108.327 
 109.165 
 108.672 
 107.475 
 108.672 
 109.612 
 108.738 
 107.635 
 108.782 
 109.292 
 109.957 
 109.271 
 108.554 
 109.358 
 110.09 
 109.612 
 109.474 
 109.178 
 108.181 
 109.677 
 108.713 
 108.82 
 109.43 
 109.705 
 110.09 
 111.015 
 111.713 
 111.993 
 112.636 
 112.695 
 112.01 
 112.661 
 112.754 
 112.522 
 113.118 
 112.793 
 113.317 
 113.444 
 113.307 
 111.853 
 112.477 
 112.486 
 112.2 
 110.621 
 111.459 
 109.703 
 111.076 
 111.976 
 110.005 
 110.668 
 111.193 
 109.925 
 109.881 
 111.284 
 111.337 
 111.654 
 110.947 
 110.598 
 110.698 
 110.46 
 111.821 
 110.558 
 110.552 
 110.541 
 111.064 
 111.235 
 111.427 
 111.732 
 111.406 
 110.628 
 111.222 
 111.351 
 111.347 
 111.758 
 111.354 
 111.923 
 111.392 
 111.244 
 111.461 
 111.785 
 111.265 
 110.507 
 110.753 
 110.808 
 110.6 
 111.174 
 110.776 
 110.602 
 110.748 
 110.484 
 110.38 
 110.596 
 110.097 
 110.59 
 110.68 
 110.693 
 110.664 
 110.103 
 110.147 
 110.317 
 110.34 
 110.363 
 110.916 
 111.153 
 111.313 
 110.649 
 110.714 
 111.385 
 111.328 
 110.833 
 111.267 
 110.992 
 111.379 
 111.561 
 111.409 
 111.286 
 111.246 
 110.816 
 111.263 
 110.571 
 111.099 
 110.594 
 111.258 
 111.277 
 111.717 
 111.322 
 111.085 
 110.899 
 111.233 
 110.712 
 110.916 
 111.364 
 2.961 
 0.208 
 0.185 
 0.254 
 0.257 
 0.199 
 0.259 
 0.164 
 0.166 
 0.216 
 0.21 
 0.183 
 0.185 
 0.242 
 0.214 
 0.219 
 0.172 
 0.176 
 0.288 
 0.123 
 0.206 
 0.265 
 0.219 
 0.164 
 0.195 
 0.185 
 0.195 
 0.166 
 0.219 
 0.144 
 0.233 
 0.193 
 0.204 
 0.242 
 0.238 
 0.246 
 0.168 
 0.2 
 0.229 
 0.231 
 0.254 
 0.259 
 0.204 
 0.219 
 0.242 
 0.153 
 0.174 
 0.168 
 0.242 
 0.199 
 0.134 
 0.21 
 0.221 
 0.199 
 0.155 
 0.225 
 0.123 
 0.225 
 0.202 
 0.223 
 0.168 
 0.189 
 0.166 
 0.242 
 0.168 
 0.193 
 0.183 
 0.108 
 0.267 
 0.233 
 0.104 
 0.149 
 0.164 
 0.189 
 0.145 
 0.261 
 0.231 
 0.142 
 0.164 
 0.163 
 0.183 
 0.235 
 0.151 
 0.185 
 0.191 
 0.104 
 0.237 
 0.164 
 0.204 
 0.151 
 0.2 
 0.206 
 0.163 
 0.178 
 0.18 
 0.113 
 0.155 
 0.206 
 0.223 
 0.166 
 0.202 
 0.111 
 0.225 
 0.2 
 0.163 
 0.138 
 0.115 
 0.153 
 0.134 
 0.212 
 0.117 
 0.231 
 0.18 
 0.185 
 0.219 
 0.123 
 0.225 
 0.132 
 0.144 
 0.223 
 0.197 
 0.125 
 0.21 
 0.252 
 0.202 
 0.265 
 0.17 
 0.115 
 0.202 
 0.157 
 0.212 
 0.161 
 0.108 
 0.153 
 0.214 
 0.176 
 0.223 
 0.161 
 0.233 
 0.123 
 0.223 
 0.195 
 0.2 
 0.191 
 0.259 
 0.149 
 0.229 
 0.233 
 0.25 
 0.163 
 0.189 
 0.197 
 0.193 
 0.233 
 0.261 
 0.214 
 0.235 
 0.17 
 0.153 
 0.242 
 0.155 
 0.153 
 0.248 
 0.235 
 0.214 
 0.178 
 0.242 
 0.254 
 0.206 
 0.123 
 0.149 
 0.161 
 0.208 
 0.13 
 0.199 
 0.155 
 0.155 
 0.185 
 0.199 
 0.151 
 0.149 
 0.155 
 0.187 
 0.108 
 0.235 
 0.183 
 0.17 
 0.161 
 0.191 
 0.193 
 0.214 
 0.257 
 0.123 
 0.163 
 0.193 
 0.219 
 0.18 
 0.218 
 0.132 
 0.178 
 0.134 
 0.187 
 0.208 
 0.18 
 0.231 
 0.233 
 0.187 
 0.151 
 0.25 
 0.225 
 0.138 
 0.191 
 0.223 
 0.235 
 0.2 
 0.227 
 0.163 
 0.237 
 0.147 
 0.172 
 0.199 
 0.163 
 0.147 
 0.149 
 0.195 
 0.218 
 0.242 
 0.238 
 0.145 
 0.166 
 0.144 
 0.252 
 0.191 
 0.17 
 0.17 
 0.142 
 0.121 
 0.178 
 0.202 
 0.149 
 0.18 
 0.221 
 0.111 
 0.13 
 0.128 
 0.191 
 0.187 
 0.197 
 0.155 
 0.127 
 0.136 
 0.189 
 0.199 
 0.235 
 0.204 
 0.219 
 0.121 
 0.157 
 0.159 
 0.212 
 0.238 
 0.164 
 0.149 
 0.191 
 0.153 
 0.125 
 0.123 
 0.174 
 0.24 
 0.221 
 0.2 
 0.197 
 0.13 
 0.161 
 0.115 
 0.115 
 0.223 
 0.219 
 0.125 
 0.113 
 0.214 
 0.166 
 0.225 
 0.17 
 0.208 
 0.218 
 0.227 
 0.187 
 0.199 
 0.163 
 0.13 
 0.166 
 0.187 
 0.231 
 0.231 
 0.163 
 0.191 
 0.117 
 0.163 
 0.216 
 0.246 
 0.145 
 0.248 
 0.189 
 0.189 
 0.176 
 0.21 
 0.115 
 0.125 
 0.2 
 0.231 
 0.144 
 0.178 
 0.229 
 0.229 
 0.227 
 0.159 
 0.117 
 0.163 
 0.144 
 0.193 
 0.195 
 0.189 
 0.191 
 0.168 
 0.153 
 0.164 
 0.155 
 0.153 
 0.265 
 0.252 
 0.157 
 0.225 
 0.127 
 0.176 
 0.229 
 0.208 
 0.155 
 0.229 
 0.123 
 0.113 
 0.113 
 0.25 
 0.153 
 0.132 
 0.117 
 0.155 
 0.147 
 0.255 
 0.153 
 0.25 
 0.221 
 0.233 
 0.24 
 0.142 
 0.208 
 0.185 
 0.21 
 0.176 
 0.178 
 0.147 
 0.223 
 0.119 
 0.189 
 0.164 
 0.115 
 0.216 
 0.202 
 0.218 
 0.117 
 0.21 
 0.134 
 0.117 
 0.142 
 0.185 
 0.17 
 0.18 
 0.202 
 0.185 
 0.142 
 0.233 
 0.115 
 0.145 
 0.233 
 0.183 
 0.176 
 0.238 
 0.185 
 0.263 
 0.206 
 0.223 
 0.132 
 0.233 
 0.182 
 0.225 
 0.147 
 0.235 
 0.238 
 0.244 
 0.197 
 0.295 
 0.199 
 0.183 
 0.166 
 0.13 
 0.225 
 0.153 
 0.189 
 0.242 
 0.286 
 0.185 
 0.212 
 0.263 
 0.233 
 0.2 
 0.21 
 0.189 
 0.231 
 0.187 
 0.231 
 0.199 
 0.185 
 0.197 
 0.166 
 0.233 
 0.163 
 0.178 
 0.238 
 0.261 
 0.166 
 0.233 
 0.197 
 0.214 
 0.225 
 0.24 
 0.176 
 0.161 
 0.273 
 0.2 
 0.161 
 0.219 
 0.187 
 0.159 
 0.166 
 0.225 
 0.168 
 0.261 
 0.187 
 0.246 
 0.14 
 0.17 
 0.219 
 0.231 
 0.204 
 0.263 
 0.269 
 0.17 
 0.185 
 0.218 
 0.183 
 0.166 
 0.119 
 0.195 
 0.24 
 0.255 
 0.212 
 0.246 
 0.187 
 0.153 
 0.229 
 0.233 
 0.244 
 0.274 
 0.237 
 0.24 
 0.223 
 0.246 
 0.221 
 0.147 
 0.225 
 0.254 
 0.227 
 0.875 
 0.872 
 0.299 
 0.885 
 0.384 
 0.851 
 0.199 
 0.238 
 0.261 
 0.221 
 0.21 
 0.166 
 0.161 
 0.227 
 0.183 
 0.18 
 0.193 
 0.172 
 0.286 
 0.182 
 0.257 
 0.195 
 0.193 
 0.263 
 0.197 
 0.214 
 0.214 
 0.288 
 0.309 
 0.21 
 0.218 
 0.248 
 0.227 
 0.202 
 0.273 
 0.199 
 0.174 
 0.257 
 0.208 
 0.18 
 0.206 
 0.168 
 0.278 
 0.14 
 0.248 
 0.208 
 0.231 
 0.208 
 0.212 
 0.183 
 0.255 
 0.208 
 0.128 
 0.204 
 0.183 
 0.273 
 0.174 
 0.238 
 0.244 
 0.195 
 0.185 
 0.197 
 0.276 
 0.255 
 0.25 
 0.263 
 0.178 
 0.195 
 0.216 
 0.172 
 0.227 
 0.212 
 0.284 
 0.206 
 0.24 
 0.273 
 0.237 
 0.21 
 0.216 
 0.223 
 0.221 
 0.17 
 0.221 
 0.25 
 0.178 
 0.193 
 0.176 
 0.238 
 0.157 
 0.263 
 0.134 
 0.153 
 0.242 
 0.208 
 0.227 
 0.149 
 0.199 
 0.182 
 0.238 
 0.204 
 0.24 
 0.233 
 0.163 
 0.182 
 0.216 
 0.138 
 0.212 
 0.265 
 0.168 
 0.259 
 0.295 
 0.231 
 0.227 
 0.178 
 0.225 
 0.276 
 0.231 
 0.255 
 0.254 
 0.221 
 0.244 
 0.244 
 0.214 
 0.183 
 0.166 
 0.225 
 0.178 
 0.197 
 0.218 
 0.25 
 0.309 
 0.291 
 0.168 
 0.17 
 0.136 
 0.193 
 0.221 
 0.2 
 0.164 
 0.216 
 0.193 
 0.159 
 0.223 
 0.183 
 0.157 
 0.189 
 0.271 
 0.218 
 0.189 
 0.214 
 0.231 
 0.255 
 0.231 
 0.208 
 0.314 
 0.219 
 0.193 
 0.212 
 0.267 
 0.2 
 0.25 
 0.254 
 0.254 
 0.274 
 0.187 
 0.301 
 0.246 
 0.233 
 0.235 
 0.255 
 0.185 
 0.212 
 0.265 
 0.189 
 0.206 
 0.284 
 0.208 
 0.157 
 0.303 
 0.199 
 0.252 
 0.257 
 0.225 
 0.229 
 0.233 
 0.187 
 0.189 
 0.182 
 0.235 
 0.248 
 0.221 
 0.271 
 0.197 
 0.149 
 0.902 
 0.631 
 0.877 
 0.183 
 0.773 
 0.369 
 15.044 
